0.632456 1.264911 1.897367 1.581139 1.264911 0.948683 0.632456 0.316228 0.000000 

1    2    14   0    0.0              
2    3    13   0    0.0              
3    4    12   1    1.8973665961010275
4    4    11   0    0.0              
5    4    10   0    0.0              
6    4    9    0    0.0              
7    4    8    0    0.0              
8    4    7    0    0.0              
9    4    6    0    0.0              

0.525226 1.050451 0.656532 0.262613 0.131306 0.525226 0.919145 1.313064 0.000000 

2    3    13   0    0.0              
3    4    12   1    1.8973665961010275
4    4    11   0    0.0              
5    4    10   0    0.0              
6    4    9    0    0.0              
7    4    8    0    0.0              
8    4    7    0    0.0              
9    4    6    1    1.3130643285972254
10   5    7    0    0.0              

0.447214 0.000000 0.447214 0.894427 1.341641 1.788854 2.236068 0.894427 0.000000 

3    4    12   1    1.8973665961010275
4    4    11   0    0.0              
5    4    10   0    0.0              
6    4    9    0    0.0              
7    4    8    0    0.0              
8    4    7    0    0.0              
9    4    6    2    2.23606797749979 
10   5    7    0    0.0              
11   6    7    0    0.0              

0.600000 1.200000 1.800000 2.400000 3.000000 3.600000 2.200000 1.400000 0.000000 

4    4    11   0    0.0              
5    4    10   0    0.0              
6    4    9    0    0.0              
7    4    8    0    0.0              
8    4    7    0    0.0              
9    4    6    3    3.6              
10   5    7    0    0.0              
11   6    7    0    0.0              
12   7    8    0    0.0              

0.894427 1.788854 2.683282 3.577709 4.472136 3.130495 2.683282 1.341641 0.000000 

5    4    10   0    0.0              
6    4    9    0    0.0              
7    4    8    0    0.0              
8    4    7    0    0.0              
9    4    6    4    4.47213595499958 
10   5    7    0    0.0              
11   6    7    0    0.0              
12   7    8    0    0.0              
13   8    9    0    0.0              

0.928477 1.856953 2.785430 3.713907 2.414039 2.042649 0.742781 0.557086 0.000000 

6    4    9    0    0.0              
7    4    8    0    0.0              
8    4    7    0    0.0              
9    4    6    5    4.47213595499958 
10   5    7    0    0.0              
11   6    7    0    0.0              
12   7    8    0    0.0              
13   8    9    0    0.0              
14   9    8    0    0.0              

0.986394 1.972788 2.959182 1.808389 1.643990 0.493197 0.657596 0.164399 0.000000 

7    4    8    0    0.0              
8    4    7    0    0.0              
9    4    6    6    4.47213595499958 
10   5    7    0    0.0              
11   6    7    0    0.0              
12   7    8    0    0.0              
13   8    9    0    0.0              
14   9    8    0    0.0              
15   10   8    0    0.0              

0.989949 1.979899 0.848528 0.707107 0.424264 1.555635 0.707107 0.848528 0.000000 

8    4    7    0    0.0              
9    4    6    7    4.47213595499958 
10   5    7    0    0.0              
11   6    7    0    0.0              
12   7    8    0    0.0              
13   8    9    0    0.0              
14   9    8    0    0.0              
15   10   8    0    0.0              
16   11   7    0    0.0              

0.989949 0.141421 0.282843 1.414214 2.545584 1.697056 1.838478 0.989949 0.000000 

9    4    6    7    4.47213595499958 
10   5    7    0    0.0              
11   6    7    0    0.0              
12   7    8    0    0.0              
13   8    9    1    2.545584412271571
14   9    8    0    0.0              
15   10   8    0    0.0              
16   11   7    0    0.0              
17   11   6    0    0.0              

1.131371 1.272792 2.404163 3.535534 2.687006 2.828427 1.979899 0.989949 0.000000 

10   5    7    0    0.0              
11   6    7    0    0.0              
12   7    8    0    0.0              
13   8    9    2    3.5355339059327373
14   9    8    0    0.0              
15   10   8    0    0.0              
16   11   7    0    0.0              
17   11   6    0    0.0              
18   11   5    0    0.0              

0.447214 1.788854 3.130495 2.683282 3.130495 2.683282 1.788854 0.894427 0.000000 

11   6    7    0    0.0              
12   7    8    0    0.0              
13   8    9    3    3.5355339059327373
14   9    8    0    0.0              
15   10   8    0    0.0              
16   11   7    0    0.0              
17   11   6    0    0.0              
18   11   5    0    0.0              
19   11   4    0    0.0              

1.405564 2.811128 2.654954 3.279649 3.123475 2.342606 1.561738 0.780869 0.000000 

12   7    8    0    0.0              
13   8    9    3    3.5355339059327373
14   9    8    0    0.0              
15   10   8    1    3.2796489996607274
16   11   7    0    0.0              
17   11   6    0    0.0              
18   11   5    0    0.0              
19   11   4    0    0.0              
20   11   3    0    0.0              

1.414214 1.414214 2.121320 2.121320 1.414214 0.707107 0.000000 0.707107 0.000000 

13   8    9    3    3.5355339059327373
14   9    8    0    0.0              
15   10   8    2    3.2796489996607274
16   11   7    0    0.0              
17   11   6    0    0.0              
18   11   5    0    0.0              
19   11   4    0    0.0              
20   11   3    0    0.0              
21   12   3    0    0.0              

0.128037 0.896258 1.024295 0.384111 0.256074 0.896258 1.536443 0.768221 0.000000 

14   9    8    0    0.0              
15   10   8    2    3.2796489996607274
16   11   7    0    0.0              
17   11   6    0    0.0              
18   11   5    0    0.0              
19   11   4    0    0.0              
20   11   3    1    1.5364425591947517
21   12   3    0    0.0              
22   13   3    0    0.0              

0.707107 0.707107 0.000000 0.707107 1.414214 2.121320 1.414214 0.707107 0.000000 

15   10   8    2    3.2796489996607274
16   11   7    0    0.0              
17   11   6    0    0.0              
18   11   5    0    0.0              
19   11   4    0    0.0              
20   11   3    2    2.1213203435596424
21   12   3    0    0.0              
22   13   3    0    0.0              
23   14   3    0    0.0              

0.000000 0.707107 1.414214 2.121320 2.828427 2.121320 1.414214 0.707107 0.000000 

16   11   7    0    0.0              
17   11   6    0    0.0              
18   11   5    0    0.0              
19   11   4    0    0.0              
20   11   3    3    2.82842712474619 
21   12   3    0    0.0              
22   13   3    0    0.0              
23   14   3    0    0.0              
24   15   3    0    0.0              

0.780869 1.561738 2.342606 3.123475 2.498780 1.874085 1.249390 0.624695 0.000000 

17   11   6    0    0.0              
18   11   5    0    0.0              
19   11   4    0    0.0              
20   11   3    4    3.1234752377721215
21   12   3    0    0.0              
22   13   3    0    0.0              
23   14   3    0    0.0              
24   15   3    0    0.0              
25   16   3    0    0.0              

0.894427 1.788854 2.683282 2.236068 1.788854 1.341641 0.894427 0.447214 0.000000 

18   11   5    0    0.0              
19   11   4    0    0.0              
20   11   3    5    3.1234752377721215
21   12   3    0    0.0              
22   13   3    0    0.0              
23   14   3    0    0.0              
24   15   3    0    0.0              
25   16   3    0    0.0              
26   17   3    0    0.0              

0.986394 1.972788 1.808389 1.643990 1.479591 1.315192 1.150793 0.986394 0.000000 

19   11   4    0    0.0              
20   11   3    6    3.1234752377721215
21   12   3    0    0.0              
22   13   3    0    0.0              
23   14   3    0    0.0              
24   15   3    0    0.0              
25   16   3    0    0.0              
26   17   3    0    0.0              
27   17   4    0    0.0              

0.986394 1.150793 1.315192 1.479591 1.643990 1.808389 1.972788 0.986394 0.000000 

20   11   3    6    3.1234752377721215
21   12   3    0    0.0              
22   13   3    0    0.0              
23   14   3    0    0.0              
24   15   3    0    0.0              
25   16   3    0    0.0              
26   17   3    1    1.9727878476642875
27   17   4    0    0.0              
28   17   5    0    0.0              

0.447214 0.894427 1.341641 1.788854 2.236068 2.683282 1.788854 0.894427 0.000000 

21   12   3    0    0.0              
22   13   3    0    0.0              
23   14   3    0    0.0              
24   15   3    0    0.0              
25   16   3    0    0.0              
26   17   3    2    2.6832815729997477
27   17   4    0    0.0              
28   17   5    0    0.0              
29   17   6    0    0.0              

0.624695 1.249390 1.874085 2.498780 3.123475 2.342606 1.561738 0.780869 0.000000 

22   13   3    0    0.0              
23   14   3    0    0.0              
24   15   3    0    0.0              
25   16   3    0    0.0              
26   17   3    3    3.1234752377721215
27   17   4    0    0.0              
28   17   5    0    0.0              
29   17   6    0    0.0              
30   17   7    0    0.0              

0.780869 1.561738 2.342606 3.123475 2.498780 1.874085 1.249390 0.624695 0.000000 

23   14   3    0    0.0              
24   15   3    0    0.0              
25   16   3    0    0.0              
26   17   3    4    3.1234752377721215
27   17   4    0    0.0              
28   17   5    0    0.0              
29   17   6    0    0.0              
30   17   7    0    0.0              
31   17   8    0    0.0              

0.894427 1.788854 2.683282 2.236068 1.788854 1.341641 0.894427 0.447214 0.000000 

24   15   3    0    0.0              
25   16   3    0    0.0              
26   17   3    5    3.1234752377721215
27   17   4    0    0.0              
28   17   5    0    0.0              
29   17   6    0    0.0              
30   17   7    0    0.0              
31   17   8    0    0.0              
32   17   9    0    0.0              

0.919145 1.838290 1.444371 1.050451 0.656532 0.262613 0.131306 0.525226 0.000000 

25   16   3    0    0.0              
26   17   3    6    3.1234752377721215
27   17   4    0    0.0              
28   17   5    0    0.0              
29   17   6    0    0.0              
30   17   7    0    0.0              
31   17   8    0    0.0              
32   17   9    0    0.0              
33   18   10   0    0.0              

0.919145 0.525226 0.131306 0.262613 0.656532 1.050451 1.444371 0.919145 0.000000 

26   17   3    6    3.1234752377721215
27   17   4    0    0.0              
28   17   5    0    0.0              
29   17   6    0    0.0              
30   17   7    0    0.0              
31   17   8    0    0.0              
32   17   9    1    1.444370761456948
33   18   10   0    0.0              
34   19   10   0    0.0              

0.393919 0.787839 1.181758 1.575677 1.969596 2.363516 1.838290 0.919145 0.000000 

27   17   4    0    0.0              
28   17   5    0    0.0              
29   17   6    0    0.0              
30   17   7    0    0.0              
31   17   8    0    0.0              
32   17   9    2    2.363515791475006
33   18   10   0    0.0              
34   19   10   0    0.0              
35   20   10   0    0.0              

0.554700 1.109400 1.664101 2.218801 2.773501 2.496151 1.664101 0.832050 0.000000 

28   17   5    0    0.0              
29   17   6    0    0.0              
30   17   7    0    0.0              
31   17   8    0    0.0              
32   17   9    3    2.773500981126146
33   18   10   0    0.0              
34   19   10   0    0.0              
35   20   10   0    0.0              
36   21   10   0    0.0              

0.707107 1.414214 2.121320 2.828427 2.828427 2.121320 1.414214 0.707107 0.000000 

29   17   6    0    0.0              
30   17   7    0    0.0              
31   17   8    0    0.0              
32   17   9    4    2.82842712474619 
33   18   10   0    0.0              
34   19   10   0    0.0              
35   20   10   0    0.0              
36   21   10   0    0.0              
37   22   10   0    0.0              

0.832050 1.664101 2.496151 2.773501 2.218801 1.664101 1.109400 0.554700 0.000000 

30   17   7    0    0.0              
31   17   8    0    0.0              
32   17   9    4    2.82842712474619 
33   18   10   1    2.773500981126146
34   19   10   0    0.0              
35   20   10   0    0.0              
36   21   10   0    0.0              
37   22   10   0    0.0              
38   23   10   0    0.0              

0.961524 1.923048 2.609851 2.335130 2.060408 1.785687 1.510966 1.236245 0.000000 

31   17   8    0    0.0              
32   17   9    4    2.82842712474619 
33   18   10   2    2.773500981126146
34   19   10   0    0.0              
35   20   10   0    0.0              
36   21   10   0    0.0              
37   22   10   0    0.0              
38   23   10   0    0.0              
39   24   9    0    0.0              

1.000000 2.000000 2.000000 2.000000 2.000000 2.000000 2.000000 1.000000 0.000000 

32   17   9    4    2.82842712474619 
33   18   10   3    2.773500981126146
34   19   10   0    0.0              
35   20   10   0    0.0              
36   21   10   0    0.0              
37   22   10   0    0.0              
38   23   10   0    0.0              
39   24   9    0    0.0              
40   24   8    0    0.0              

1.236245 1.510966 1.785687 2.060408 2.335130 2.609851 1.923048 0.961524 0.000000 

33   18   10   3    2.773500981126146
34   19   10   0    0.0              
35   20   10   0    0.0              
36   21   10   0    0.0              
37   22   10   0    0.0              
38   23   10   1    2.6098507150250914
39   24   9    0    0.0              
40   24   8    0    0.0              
41   24   7    0    0.0              

0.393919 0.787839 1.181758 1.575677 1.969596 1.444371 0.525226 0.393919 0.000000 

34   19   10   0    0.0              
35   20   10   0    0.0              
36   21   10   0    0.0              
37   22   10   0    0.0              
38   23   10   2    2.6098507150250914
39   24   9    0    0.0              
40   24   8    0    0.0              
41   24   7    0    0.0              
42   25   7    0    0.0              

0.496139 0.992278 1.488417 1.984556 1.612452 0.744208 0.124035 0.372104 0.000000 

35   20   10   0    0.0              
36   21   10   0    0.0              
37   22   10   0    0.0              
38   23   10   3    2.6098507150250914
39   24   9    0    0.0              
40   24   8    0    0.0              
41   24   7    0    0.0              
42   25   7    0    0.0              
43   26   6    0    0.0              

0.496139 0.992278 1.488417 1.116313 0.248069 0.620174 0.124035 0.496139 0.000000 

36   21   10   0    0.0              
37   22   10   0    0.0              
38   23   10   4    2.6098507150250914
39   24   9    0    0.0              
40   24   8    0    0.0              
41   24   7    0    0.0              
42   25   7    0    0.0              
43   26   6    0    0.0              
44   27   6    0    0.0              

0.496139 0.992278 0.620174 0.248069 1.116313 0.620174 0.992278 0.496139 0.000000 

37   22   10   0    0.0              
38   23   10   4    2.6098507150250914
39   24   9    0    0.0              
40   24   8    0    0.0              
41   24   7    1    1.116312611302876
42   25   7    0    0.0              
43   26   6    0    0.0              
44   27   6    0    0.0              
45   28   6    0    0.0              

0.496139 0.124035 0.744208 1.612452 1.116313 1.488417 0.992278 0.496139 0.000000 

38   23   10   4    2.6098507150250914
39   24   9    0    0.0              
40   24   8    0    0.0              
41   24   7    2    1.61245154965971 
42   25   7    0    0.0              
43   26   6    0    0.0              
44   27   6    0    0.0              
45   28   6    0    0.0              
46   29   6    0    0.0              

0.525226 1.444371 2.363516 1.969596 2.494822 2.100903 1.706984 1.313064 0.000000 

39   24   9    0    0.0              
40   24   8    0    0.0              
41   24   7    2    1.61245154965971 
42   25   7    0    0.0              
43   26   6    1    2.4948222243347287
44   27   6    0    0.0              
45   28   6    0    0.0              
46   29   6    0    0.0              
47   30   7    0    0.0              

0.989949 1.979899 1.838478 2.687006 2.545584 2.404163 2.262742 1.131371 0.000000 

40   24   8    0    0.0              
41   24   7    2    1.61245154965971 
42   25   7    0    0.0              
43   26   6    2    2.6870057685088806
44   27   6    0    0.0              
45   28   6    0    0.0              
46   29   6    0    0.0              
47   30   7    0    0.0              
48   31   8    0    0.0              

0.992278 1.116313 2.232625 2.356660 2.480695 2.604729 1.736486 0.868243 0.000000 

41   24   7    2    1.61245154965971 
42   25   7    0    0.0              
43   26   6    2    2.6870057685088806
44   27   6    0    0.0              
45   28   6    0    0.0              
46   29   6    1    2.604729426373378
47   30   7    0    0.0              
48   31   8    0    0.0              
49   32   9    0    0.0              

0.316228 1.581139 1.897367 2.213594 2.529822 1.897367 1.264911 0.632456 0.000000 

42   25   7    0    0.0              
43   26   6    2    2.6870057685088806
44   27   6    0    0.0              
45   28   6    0    0.0              
46   29   6    2    2.604729426373378
47   30   7    0    0.0              
48   31   8    0    0.0              
49   32   9    0    0.0              
50   33   10   0    0.0              

1.341641 1.788854 2.236068 2.683282 2.236068 1.788854 1.341641 0.894427 0.000000 

43   26   6    2    2.6870057685088806
44   27   6    0    0.0              
45   28   6    0    0.0              
46   29   6    3    2.6832815729997477
47   30   7    0    0.0              
48   31   8    0    0.0              
49   32   9    0    0.0              
50   33   10   0    0.0              
51   33   11   0    0.0              

0.600000 1.200000 1.800000 1.600000 1.400000 1.200000 1.000000 0.200000 0.000000 

44   27   6    0    0.0              
45   28   6    0    0.0              
46   29   6    4    2.6832815729997477
47   30   7    0    0.0              
48   31   8    0    0.0              
49   32   9    0    0.0              
50   33   10   0    0.0              
51   33   11   0    0.0              
52   34   12   0    0.0              

0.707107 1.414214 1.414214 1.414214 1.414214 1.414214 0.707107 0.707107 0.000000 

45   28   6    0    0.0              
46   29   6    5    2.6832815729997477
47   30   7    0    0.0              
48   31   8    0    0.0              
49   32   9    0    0.0              
50   33   10   0    0.0              
51   33   11   0    0.0              
52   34   12   0    0.0              
53   34   13   0    0.0              

0.800000 1.000000 1.200000 1.400000 1.600000 1.000000 1.200000 0.600000 0.000000 

46   29   6    5    2.6832815729997477
47   30   7    0    0.0              
48   31   8    0    0.0              
49   32   9    0    0.0              
50   33   10   1    1.6              
51   33   11   0    0.0              
52   34   12   0    0.0              
53   34   13   0    0.0              
54   34   14   0    0.0              

0.388514 0.777029 1.165543 1.554057 1.068414 1.456929 0.971286 0.485643 0.000000 

47   30   7    0    0.0              
48   31   8    0    0.0              
49   32   9    0    0.0              
50   33   10   2    1.6              
51   33   11   0    0.0              
52   34   12   0    0.0              
53   34   13   0    0.0              
54   34   14   0    0.0              
55   34   15   0    0.0              

0.507673 1.015346 1.523019 1.116881 1.624554 1.218415 0.812277 0.406138 0.000000 

48   31   8    0    0.0              
49   32   9    0    0.0              
50   33   10   2    1.6              
51   33   11   0    0.0              
52   34   12   1    1.6245538642137907
53   34   13   0    0.0              
54   34   14   0    0.0              
55   34   15   0    0.0              
56   34   16   0    0.0              

0.632456 1.264911 0.948683 1.581139 1.264911 0.948683 0.632456 0.316228 0.000000 

49   32   9    0    0.0              
50   33   10   2    1.6              
51   33   11   0    0.0              
52   34   12   2    1.6245538642137907
53   34   13   0    0.0              
54   34   14   0    0.0              
55   34   15   0    0.0              
56   34   16   0    0.0              
57   34   17   0    0.0              

0.883452 0.773021 1.656473 1.546041 1.435610 1.325178 1.214747 1.104315 0.000000 

50   33   10   2    1.6              
51   33   11   0    0.0              
52   34   12   3    1.656472891122698
53   34   13   0    0.0              
54   34   14   0    0.0              
55   34   15   0    0.0              
56   34   16   0    0.0              
57   34   17   0    0.0              
58   33   18   0    0.0              

0.110432 1.214747 1.325178 1.435610 1.546041 1.656473 1.766904 0.883452 0.000000 

51   33   11   0    0.0              
52   34   12   3    1.656472891122698
53   34   13   0    0.0              
54   34   14   0    0.0              
55   34   15   0    0.0              
56   34   16   0    0.0              
57   34   17   1    1.7669044171975445
58   33   18   0    0.0              
59   32   19   0    0.0              

1.193118 1.410048 1.626978 1.843909 2.060839 2.277770 1.518513 0.759257 0.000000 

52   34   12   3    1.656472891122698
53   34   13   0    0.0              
54   34   14   0    0.0              
55   34   15   0    0.0              
56   34   16   0    0.0              
57   34   17   2    2.27776980709589 
58   33   18   0    0.0              
59   32   19   0    0.0              
60   31   20   0    0.0              

0.406138 0.812277 1.218415 1.624554 2.030692 1.523019 1.015346 0.507673 0.000000 

53   34   13   0    0.0              
54   34   14   0    0.0              
55   34   15   0    0.0              
56   34   16   0    0.0              
57   34   17   3    2.27776980709589 
58   33   18   0    0.0              
59   32   19   0    0.0              
60   31   20   0    0.0              
61   30   21   0    0.0              

0.485643 0.971286 1.456929 1.942572 1.554057 1.165543 0.777029 0.388514 0.000000 

54   34   14   0    0.0              
55   34   15   0    0.0              
56   34   16   0    0.0              
57   34   17   4    2.27776980709589 
58   33   18   0    0.0              
59   32   19   0    0.0              
60   31   20   0    0.0              
61   30   21   0    0.0              
62   29   22   0    0.0              

0.600000 1.200000 1.800000 1.600000 1.400000 1.200000 1.000000 0.800000 0.000000 

55   34   15   0    0.0              
56   34   16   0    0.0              
57   34   17   5    2.27776980709589 
58   33   18   0    0.0              
59   32   19   0    0.0              
60   31   20   0    0.0              
61   30   21   0    0.0              
62   29   22   0    0.0              
63   28   22   0    0.0              

0.707107 1.414214 1.414214 1.414214 1.414214 1.414214 1.414214 0.707107 0.000000 

56   34   16   0    0.0              
57   34   17   6    2.27776980709589 
58   33   18   0    0.0              
59   32   19   0    0.0              
60   31   20   0    0.0              
61   30   21   0    0.0              
62   29   22   0    0.0              
63   28   22   0    0.0              
64   27   22   0    0.0              

0.800000 1.000000 1.200000 1.400000 1.600000 1.800000 1.200000 0.600000 0.000000 

57   34   17   6    2.27776980709589 
58   33   18   0    0.0              
59   32   19   0    0.0              
60   31   20   0    0.0              
61   30   21   0    0.0              
62   29   22   1    1.8              
63   28   22   0    0.0              
64   27   22   0    0.0              
65   26   22   0    0.0              

0.507673 1.015346 1.523019 2.030692 2.538365 2.132227 1.726088 1.319950 0.000000 

58   33   18   0    0.0              
59   32   19   0    0.0              
60   31   20   0    0.0              
61   30   21   0    0.0              
62   29   22   2    2.5383654128340476
63   28   22   0    0.0              
64   27   22   0    0.0              
65   26   22   0    0.0              
66   25   21   0    0.0              

0.632456 1.264911 1.897367 2.529822 2.213594 1.897367 1.581139 0.316228 0.000000 

59   32   19   0    0.0              
60   31   20   0    0.0              
61   30   21   0    0.0              
62   29   22   3    2.5383654128340476
63   28   22   0    0.0              
64   27   22   0    0.0              
65   26   22   0    0.0              
66   25   21   0    0.0              
67   24   21   0    0.0              

0.883452 1.766904 2.650357 2.539925 2.429494 2.319062 1.214747 1.104315 0.000000 

60   31   20   0    0.0              
61   30   21   0    0.0              
62   29   22   4    2.650356625796317
63   28   22   0    0.0              
64   27   22   0    0.0              
65   26   22   0    0.0              
66   25   21   0    0.0              
67   24   21   0    0.0              
68   23   20   0    0.0              

1.104315 2.208631 2.319062 2.429494 2.539925 1.656473 1.766904 0.883452 0.000000 

61   30   21   0    0.0              
62   29   22   4    2.650356625796317
63   28   22   0    0.0              
64   27   22   0    0.0              
65   26   22   1    2.5399250997214704
66   25   21   0    0.0              
67   24   21   0    0.0              
68   23   20   0    0.0              
69   22   19   0    0.0              

1.264911 1.581139 1.897367 2.213594 1.581139 1.897367 1.264911 0.632456 0.000000 

62   29   22   4    2.650356625796317
63   28   22   0    0.0              
64   27   22   0    0.0              
65   26   22   2    2.5399250997214704
66   25   21   0    0.0              
67   24   21   0    0.0              
68   23   20   0    0.0              
69   22   19   0    0.0              
70   21   18   0    0.0              

0.485643 0.971286 1.456929 1.068414 1.554057 1.165543 0.777029 0.388514 0.000000 

63   28   22   0    0.0              
64   27   22   0    0.0              
65   26   22   2    2.5399250997214704
66   25   21   0    0.0              
67   24   21   1    1.5540573797716226
68   23   20   0    0.0              
69   22   19   0    0.0              
70   21   18   0    0.0              
71   20   17   0    0.0              

0.600000 1.200000 1.000000 1.600000 1.400000 1.200000 1.000000 0.800000 0.000000 

64   27   22   0    0.0              
65   26   22   2    2.5399250997214704
66   25   21   0    0.0              
67   24   21   2    1.6              
68   23   20   0    0.0              
69   22   19   0    0.0              
70   21   18   0    0.0              
71   20   17   0    0.0              
72   20   16   0    0.0              

0.658505 0.564433 1.222937 1.128865 1.034793 0.940721 0.846649 0.094072 0.000000 

65   26   22   2    2.5399250997214704
66   25   21   0    0.0              
67   24   21   3    1.6              
68   23   20   0    0.0              
69   22   19   0    0.0              
70   21   18   0    0.0              
71   20   17   0    0.0              
72   20   16   0    0.0              
73   19   15   0    0.0              

0.000000 0.707107 0.707107 0.707107 0.707107 0.707107 0.000000 0.000000 0.000000 

66   25   21   0    0.0              
67   24   21   4    1.6              
68   23   20   0    0.0              
69   22   19   0    0.0              
70   21   18   0    0.0              
71   20   17   0    0.0              
72   20   16   0    0.0              
73   19   15   0    0.0              
74   18   14   0    0.0              

0.600000 0.400000 0.200000 0.000000 0.200000 1.000000 1.200000 1.400000 0.000000 

67   24   21   4    1.6              
68   23   20   0    0.0              
69   22   19   0    0.0              
70   21   18   0    0.0              
71   20   17   0    0.0              
72   20   16   0    0.0              
73   19   15   0    0.0              
74   18   14   1    1.4              
75   17   15   0    0.0              

0.317999 0.635999 0.953998 1.271997 2.119996 2.437995 2.755994 1.377997 0.000000 

68   23   20   0    0.0              
69   22   19   0    0.0              
70   21   18   0    0.0              
71   20   17   0    0.0              
72   20   16   0    0.0              
73   19   15   0    0.0              
74   18   14   2    2.7559944880165363
75   17   15   0    0.0              
76   16   16   0    0.0              

0.525226 1.050451 1.575677 2.494822 3.020048 3.545274 2.232209 0.919145 0.000000 

69   22   19   0    0.0              
70   21   18   0    0.0              
71   20   17   0    0.0              
72   20   16   0    0.0              
73   19   15   0    0.0              
74   18   14   3    3.545273687212509
75   17   15   0    0.0              
76   16   16   0    0.0              
77   16   17   0    0.0              

0.821995 1.643990 2.630384 3.452379 4.274374 3.123581 1.972788 0.986394 0.000000 

70   21   18   0    0.0              
71   20   17   0    0.0              
72   20   16   0    0.0              
73   19   15   0    0.0              
74   18   14   4    4.27437366993929 
75   17   15   0    0.0              
76   16   16   0    0.0              
77   16   17   0    0.0              
78   16   18   0    0.0              

1.150793 2.137187 3.287980 4.438773 3.616778 2.794783 1.808389 0.821995 0.000000 

71   20   17   0    0.0              
72   20   16   0    0.0              
73   19   15   0    0.0              
74   18   14   5    4.438772657244647
75   17   15   0    0.0              
76   16   16   0    0.0              
77   16   17   0    0.0              
78   16   18   0    0.0              
79   15   19   0    0.0              

0.894427 2.236068 3.577709 3.130495 2.683282 1.788854 0.894427 0.447214 0.000000 

72   20   16   0    0.0              
73   19   15   0    0.0              
74   18   14   6    4.438772657244647
75   17   15   0    0.0              
76   16   16   0    0.0              
77   16   17   0    0.0              
78   16   18   0    0.0              
79   15   19   0    0.0              
80   14   20   0    0.0              

1.394972 2.789943 2.557448 2.324953 1.511219 0.697486 0.464991 0.232495 0.000000 

73   19   15   0    0.0              
74   18   14   7    4.438772657244647
75   17   15   0    0.0              
76   16   16   0    0.0              
77   16   17   0    0.0              
78   16   18   0    0.0              
79   15   19   0    0.0              
80   14   20   0    0.0              
81   13   21   0    0.0              

1.414214 1.414214 1.414214 0.707107 0.000000 0.000000 0.000000 0.000000 0.000000 

74   18   14   8    4.438772657244647
75   17   15   0    0.0              
76   16   16   0    0.0              
77   16   17   0    0.0              
78   16   18   0    0.0              
79   15   19   0    0.0              
80   14   20   0    0.0              
81   13   21   0    0.0              
82   12   22   0    0.0              

0.175412 0.350823 0.263117 0.877058 0.701646 0.526235 0.350823 0.175412 0.000000 

75   17   15   0    0.0              
76   16   16   0    0.0              
77   16   17   0    0.0              
78   16   18   1    0.8770580193070293
79   15   19   0    0.0              
80   14   20   0    0.0              
81   13   21   0    0.0              
82   12   22   0    0.0              
83   11   23   0    0.0              

0.175412 0.438529 1.052470 0.877058 0.701646 0.526235 0.350823 0.175412 0.000000 

76   16   16   0    0.0              
77   16   17   0    0.0              
78   16   18   2    1.0524696231684352
79   15   19   0    0.0              
80   14   20   0    0.0              
81   13   21   0    0.0              
82   12   22   0    0.0              
83   11   23   0    0.0              
84   10   24   0    0.0              

0.707107 1.414214 1.414214 1.414214 1.414214 1.414214 1.414214 1.414214 0.000000 

77   16   17   0    0.0              
78   16   18   3    1.4142135623730951
79   15   19   0    0.0              
80   14   20   0    0.0              
81   13   21   0    0.0              
82   12   22   0    0.0              
83   11   23   0    0.0              
84   10   24   0    0.0              
85   9    23   0    0.0              

0.847998 1.165998 1.483997 1.801996 2.119996 2.437995 2.755994 1.377997 0.000000 

78   16   18   3    1.4142135623730951
79   15   19   0    0.0              
80   14   20   0    0.0              
81   13   21   0    0.0              
82   12   22   0    0.0              
83   11   23   0    0.0              
84   10   24   1    2.7559944880165363
85   9    23   0    0.0              
86   8    22   0    0.0              

0.632456 1.264911 1.897367 2.529822 3.162278 3.794733 2.529822 1.264911 0.000000 

79   15   19   0    0.0              
80   14   20   0    0.0              
81   13   21   0    0.0              
82   12   22   0    0.0              
83   11   23   0    0.0              
84   10   24   2    3.794733192202055
85   9    23   0    0.0              
86   8    22   0    0.0              
87   7    21   0    0.0              

0.883452 1.766904 2.650357 3.533809 4.417261 3.312946 2.208631 1.104315 0.000000 

80   14   20   0    0.0              
81   13   21   0    0.0              
82   12   22   0    0.0              
83   11   23   0    0.0              
84   10   24   3    4.417261042993862
85   9    23   0    0.0              
86   8    22   0    0.0              
87   7    21   0    0.0              
88   6    20   0    0.0              

1.104315 2.208631 3.312946 4.417261 3.533809 2.650357 1.766904 0.883452 0.000000 

81   13   21   0    0.0              
82   12   22   0    0.0              
83   11   23   0    0.0              
84   10   24   4    4.417261042993862
85   9    23   0    0.0              
86   8    22   0    0.0              
87   7    21   0    0.0              
88   6    20   0    0.0              
89   5    19   0    0.0              

1.264911 2.529822 3.794733 3.162278 2.529822 1.897367 1.264911 0.632456 0.000000 

82   12   22   0    0.0              
83   11   23   0    0.0              
84   10   24   5    4.417261042993862
85   9    23   0    0.0              
86   8    22   0    0.0              
87   7    21   0    0.0              
88   6    20   0    0.0              
89   5    19   0    0.0              
90   4    18   0    0.0              

1.359800 2.719600 2.331086 1.942572 1.554057 1.165543 0.777029 0.388514 0.000000 

83   11   23   0    0.0              
84   10   24   6    4.417261042993862
85   9    23   0    0.0              
86   8    22   0    0.0              
87   7    21   0    0.0              
88   6    20   0    0.0              
89   5    19   0    0.0              
90   4    18   0    0.0              
91   3    17   0    0.0              

1.403293 1.227881 1.052470 0.877058 0.701646 0.526235 0.350823 0.175412 0.000000 

84   10   24   7    4.417261042993862
85   9    23   0    0.0              
86   8    22   0    0.0              
87   7    21   0    0.0              
88   6    20   0    0.0              
89   5    19   0    0.0              
90   4    18   0    0.0              
91   3    17   0    0.0              
92   2    16   0    0.0              

0.000000 0.000000 0.000000 0.000000 0.000000 0.000000 0.000000 0.000000 0.000000 

85   9    23   0    0.0              
86   8    22   0    0.0              
87   7    21   0    0.0              
88   6    20   0    0.0              
89   5    19   0    0.0              
90   4    18   0    0.0              
91   3    17   0    0.0              
92   2    16   0    0.0              
0    1    15   0    0.0              

0.175412 0.350823 0.526235 0.701646 0.877058 1.052470 1.227881 1.403293 0.000000 

86   8    22   0    0.0              
87   7    21   0    0.0              
88   6    20   0    0.0              
89   5    19   0    0.0              
90   4    18   0    0.0              
91   3    17   0    0.0              
92   2    16   0    0.0              
0    1    15   1    1.403292830891247
1    2    14   0    0.0              

0.388514 0.777029 1.165543 1.554057 1.942572 2.331086 2.719600 1.359800 0.000000 

87   7    21   0    0.0              
88   6    20   0    0.0              
89   5    19   0    0.0              
90   4    18   0    0.0              
91   3    17   0    0.0              
92   2    16   0    0.0              
0    1    15   2    2.7196004146003396
1    2    14   0    0.0              
2    3    13   0    0.0              

0.632456 1.264911 1.897367 2.529822 3.162278 3.794733 2.529822 1.264911 0.000000 

88   6    20   0    0.0              
89   5    19   0    0.0              
90   4    18   0    0.0              
91   3    17   0    0.0              
92   2    16   0    0.0              
0    1    15   3    3.794733192202055
1    2    14   0    0.0              
2    3    13   0    0.0              
3    4    12   1    1.8973665961010275



Index  X   Y   maxCount  maxDistance      
0      1   15  3         3.794733192202055
1      2   14  0         0.0              
2      3   13  0         0.0              
3      4   12  1         1.8973665961010275
4      4   11  0         0.0              
5      4   10  0         0.0              
6      4   9   0         0.0              
7      4   8   0         0.0              
8      4   7   0         0.0              
9      4   6   7         4.47213595499958 
10     5   7   0         0.0              
11     6   7   0         0.0              
12     7   8   0         0.0              
13     8   9   3         3.5355339059327373
14     9   8   0         0.0              
15     10  8   2         3.2796489996607274
16     11  7   0         0.0              
17     11  6   0         0.0              
18     11  5   0         0.0              
19     11  4   0         0.0              
20     11  3   6         3.1234752377721215
21     12  3   0         0.0              
22     13  3   0         0.0              
23     14  3   0         0.0              
24     15  3   0         0.0              
25     16  3   0         0.0              
26     17  3   6         3.1234752377721215
27     17  4   0         0.0              
28     17  5   0         0.0              
29     17  6   0         0.0              
30     17  7   0         0.0              
31     17  8   0         0.0              
32     17  9   4         2.82842712474619 
33     18  10  3         2.773500981126146
34     19  10  0         0.0              
35     20  10  0         0.0              
36     21  10  0         0.0              
37     22  10  0         0.0              
38     23  10  4         2.6098507150250914
39     24  9   0         0.0              
40     24  8   0         0.0              
41     24  7   2         1.61245154965971 
42     25  7   0         0.0              
43     26  6   2         2.6870057685088806
44     27  6   0         0.0              
45     28  6   0         0.0              
46     29  6   5         2.6832815729997477
47     30  7   0         0.0              
48     31  8   0         0.0              
49     32  9   0         0.0              
50     33  10  2         1.6              
51     33  11  0         0.0              
52     34  12  3         1.656472891122698
53     34  13  0         0.0              
54     34  14  0         0.0              
55     34  15  0         0.0              
56     34  16  0         0.0              
57     34  17  6         2.27776980709589 
58     33  18  0         0.0              
59     32  19  0         0.0              
60     31  20  0         0.0              
61     30  21  0         0.0              
62     29  22  4         2.650356625796317
63     28  22  0         0.0              
64     27  22  0         0.0              
65     26  22  2         2.5399250997214704
66     25  21  0         0.0              
67     24  21  4         1.6              
68     23  20  0         0.0              
69     22  19  0         0.0              
70     21  18  0         0.0              
71     20  17  0         0.0              
72     20  16  0         0.0              
73     19  15  0         0.0              
74     18  14  8         4.438772657244647
75     17  15  0         0.0              
76     16  16  0         0.0              
77     16  17  0         0.0              
78     16  18  3         1.4142135623730951
79     15  19  0         0.0              
80     14  20  0         0.0              
81     13  21  0         0.0              
82     12  22  0         0.0              
83     11  23  0         0.0              
84     10  24  7         4.417261042993862
85     9   23  0         0.0              
86     8   22  0         0.0              
87     7   21  0         0.0              
88     6   20  0         0.0              
89     5   19  0         0.0              
90     4   18  0         0.0              
91     3   17  0         0.0              
92     2   16  0         0.0              
