0.317999 0.635999 0.953998 0.423999 0.106000 0.635999 1.165998 1.695997 2.225996 0.847998 0.000000 

1    2    14   0    0.0              
2    3    13   0    0.0              
3    4    12   0    0.0              
4    4    11   0    0.0              
5    4    10   0    0.0              
6    4    9    0    0.0              
7    4    8    0    0.0              
8    4    7    0    0.0              
9    4    6    1    2.225995548013356
10   5    7    0    0.0              
11   6    7    0    0.0              

0.128037 0.256074 0.384111 1.024295 1.664479 2.304664 2.944848 3.585033 2.176627 1.408406 0.000000 

2    3    13   0    0.0              
3    4    12   0    0.0              
4    4    11   0    0.0              
5    4    10   0    0.0              
6    4    9    0    0.0              
7    4    8    0    0.0              
8    4    7    0    0.0              
9    4    6    2    3.5850326381210875
10   5    7    0    0.0              
11   6    7    0    0.0              
12   7    8    0    0.0              

0.156174 0.937043 1.717911 2.498780 3.279649 4.060518 4.841387 3.435823 2.811128 1.405564 0.000000 

3    4    12   0    0.0              
4    4    11   0    0.0              
5    4    10   0    0.0              
6    4    9    0    0.0              
7    4    8    0    0.0              
8    4    7    0    0.0              
9    4    6    3    4.841386618546788
10   5    7    0    0.0              
11   6    7    0    0.0              
12   7    8    0    0.0              
13   8    9    0    0.0              

0.780869 1.561738 2.342606 3.123475 3.904344 4.685213 3.279649 2.654954 1.249390 0.156174 0.000000 

4    4    11   0    0.0              
5    4    10   0    0.0              
6    4    9    0    0.0              
7    4    8    0    0.0              
8    4    7    0    0.0              
9    4    6    4    4.841386618546788
10   5    7    0    0.0              
11   6    7    0    0.0              
12   7    8    0    0.0              
13   8    9    0    0.0              
14   9    8    0    0.0              

0.894427 1.788854 2.683282 3.577709 4.472136 3.130495 2.683282 1.341641 0.000000 0.447214 0.000000 

5    4    10   0    0.0              
6    4    9    0    0.0              
7    4    8    0    0.0              
8    4    7    0    0.0              
9    4    6    5    4.841386618546788
10   5    7    0    0.0              
11   6    7    0    0.0              
12   7    8    0    0.0              
13   8    9    0    0.0              
14   9    8    0    0.0              
15   10   8    0    0.0              

0.919145 1.838290 2.757435 3.676580 2.363516 1.969596 0.656532 0.656532 0.131306 0.525226 0.000000 

6    4    9    0    0.0              
7    4    8    0    0.0              
8    4    7    0    0.0              
9    4    6    6    4.841386618546788
10   5    7    0    0.0              
11   6    7    0    0.0              
12   7    8    0    0.0              
13   8    9    0    0.0              
14   9    8    0    0.0              
15   10   8    0    0.0              
16   11   7    0    0.0              

0.919145 1.838290 2.757435 1.444371 1.050451 0.262613 1.575677 1.050451 1.444371 0.919145 0.000000 

7    4    8    0    0.0              
8    4    7    0    0.0              
9    4    6    7    4.841386618546788
10   5    7    0    0.0              
11   6    7    0    0.0              
12   7    8    0    0.0              
13   8    9    0    0.0              
14   9    8    0    0.0              
15   10   8    0    0.0              
16   11   7    0    0.0              
17   11   6    0    0.0              

0.919145 1.838290 0.525226 0.131306 1.181758 2.494822 1.969596 2.363516 1.838290 0.919145 0.000000 

8    4    7    0    0.0              
9    4    6    7    4.841386618546788
10   5    7    0    0.0              
11   6    7    0    0.0              
12   7    8    0    0.0              
13   8    9    1    2.4948222243347287
14   9    8    0    0.0              
15   10   8    0    0.0              
16   11   7    0    0.0              
17   11   6    0    0.0              
18   11   5    0    0.0              

0.919145 0.393919 0.787839 2.100903 3.413967 2.888742 3.282661 2.757435 1.838290 0.919145 0.000000 

9    4    6    7    4.841386618546788
10   5    7    0    0.0              
11   6    7    0    0.0              
12   7    8    0    0.0              
13   8    9    2    3.4139672543527864
14   9    8    0    0.0              
15   10   8    0    0.0              
16   11   7    0    0.0              
17   11   6    0    0.0              
18   11   5    0    0.0              
19   11   4    0    0.0              

1.313064 1.706984 3.020048 4.333112 3.807887 4.201806 3.676580 2.757435 1.838290 0.919145 0.000000 

10   5    7    0    0.0              
11   6    7    0    0.0              
12   7    8    0    0.0              
13   8    9    3    4.333112284370844
14   9    8    0    0.0              
15   10   8    0    0.0              
16   11   7    0    0.0              
17   11   6    0    0.0              
18   11   5    0    0.0              
19   11   4    0    0.0              
20   11   3    0    0.0              

0.496139 1.860521 3.224903 2.852799 3.348938 2.976834 2.108590 1.240347 0.372104 0.496139 0.000000 

11   6    7    0    0.0              
12   7    8    0    0.0              
13   8    9    3    4.333112284370844
14   9    8    0    0.0              
15   10   8    1    3.3489378339086286
16   11   7    0    0.0              
17   11   6    0    0.0              
18   11   5    0    0.0              
19   11   4    0    0.0              
20   11   3    0    0.0              
21   12   3    0    0.0              

1.364382 2.728764 2.356660 2.852799 2.480695 1.612452 0.744208 0.124035 0.992278 0.496139 0.000000 

12   7    8    0    0.0              
13   8    9    3    4.333112284370844
14   9    8    0    0.0              
15   10   8    2    3.3489378339086286
16   11   7    0    0.0              
17   11   6    0    0.0              
18   11   5    0    0.0              
19   11   4    0    0.0              
20   11   3    0    0.0              
21   12   3    0    0.0              
22   13   3    0    0.0              

1.394972 1.162476 1.743715 1.511219 0.697486 0.116248 0.929981 1.743715 1.162476 0.581238 0.000000 

13   8    9    3    4.333112284370844
14   9    8    0    0.0              
15   10   8    3    3.3489378339086286
16   11   7    0    0.0              
17   11   6    0    0.0              
18   11   5    0    0.0              
19   11   4    0    0.0              
20   11   3    0    0.0              
21   12   3    0    0.0              
22   13   3    0    0.0              
23   14   3    0    0.0              

0.108465 0.542326 0.433861 0.325396 1.084652 1.843909 2.603165 1.952374 1.301583 0.650791 0.000000 

14   9    8    0    0.0              
15   10   8    3    3.3489378339086286
16   11   7    0    0.0              
17   11   6    0    0.0              
18   11   5    0    0.0              
19   11   4    0    0.0              
20   11   3    1    2.603165493823874
21   12   3    0    0.0              
22   13   3    0    0.0              
23   14   3    0    0.0              
24   15   3    0    0.0              

0.581238 0.348743 0.464991 1.278724 2.092457 2.906191 2.324953 1.743715 1.162476 0.581238 0.000000 

15   10   8    3    3.3489378339086286
16   11   7    0    0.0              
17   11   6    0    0.0              
18   11   5    0    0.0              
19   11   4    0    0.0              
20   11   3    2    2.906190968595482
21   12   3    0    0.0              
22   13   3    0    0.0              
23   14   3    0    0.0              
24   15   3    0    0.0              
25   16   3    0    0.0              

0.232495 1.046229 1.859962 2.673696 3.487429 2.906191 2.324953 1.743715 1.162476 0.581238 0.000000 

16   11   7    0    0.0              
17   11   6    0    0.0              
18   11   5    0    0.0              
19   11   4    0    0.0              
20   11   3    3    3.4874291623145783
21   12   3    0    0.0              
22   13   3    0    0.0              
23   14   3    0    0.0              
24   15   3    0    0.0              
25   16   3    0    0.0              
26   17   3    0    0.0              

0.894427 1.788854 2.683282 3.577709 3.130495 2.683282 2.236068 1.788854 1.341641 0.894427 0.000000 

17   11   6    0    0.0              
18   11   5    0    0.0              
19   11   4    0    0.0              
20   11   3    4    3.5777087639996634
21   12   3    0    0.0              
22   13   3    0    0.0              
23   14   3    0    0.0              
24   15   3    0    0.0              
25   16   3    0    0.0              
26   17   3    0    0.0              
27   17   4    0    0.0              

0.986394 1.972788 2.959182 2.794783 2.630384 2.465985 2.301586 2.137187 1.972788 0.986394 0.000000 

18   11   5    0    0.0              
19   11   4    0    0.0              
20   11   3    5    3.5777087639996634
21   12   3    0    0.0              
22   13   3    0    0.0              
23   14   3    0    0.0              
24   15   3    0    0.0              
25   16   3    0    0.0              
26   17   3    0    0.0              
27   17   4    0    0.0              
28   17   5    0    0.0              

0.986394 1.972788 2.137187 2.301586 2.465985 2.630384 2.794783 2.959182 1.972788 0.986394 0.000000 

19   11   4    0    0.0              
20   11   3    5    3.5777087639996634
21   12   3    0    0.0              
22   13   3    0    0.0              
23   14   3    0    0.0              
24   15   3    0    0.0              
25   16   3    0    0.0              
26   17   3    1    2.9591817714964312
27   17   4    0    0.0              
28   17   5    0    0.0              
29   17   6    0    0.0              

0.894427 1.341641 1.788854 2.236068 2.683282 3.130495 3.577709 2.683282 1.788854 0.894427 0.000000 

20   11   3    5    3.5777087639996634
21   12   3    0    0.0              
22   13   3    0    0.0              
23   14   3    0    0.0              
24   15   3    0    0.0              
25   16   3    0    0.0              
26   17   3    2    3.5777087639996634
27   17   4    0    0.0              
28   17   5    0    0.0              
29   17   6    0    0.0              
30   17   7    0    0.0              

0.640184 1.280369 1.920553 2.560738 3.200922 3.841106 3.072885 2.304664 1.536443 0.768221 0.000000 

21   12   3    0    0.0              
22   13   3    0    0.0              
23   14   3    0    0.0              
24   15   3    0    0.0              
25   16   3    0    0.0              
26   17   3    3    3.8411063979868794
27   17   4    0    0.0              
28   17   5    0    0.0              
29   17   6    0    0.0              
30   17   7    0    0.0              
31   17   8    0    0.0              

0.768221 1.536443 2.304664 3.072885 3.841106 3.200922 2.560738 1.920553 1.280369 0.640184 0.000000 

22   13   3    0    0.0              
23   14   3    0    0.0              
24   15   3    0    0.0              
25   16   3    0    0.0              
26   17   3    4    3.8411063979868794
27   17   4    0    0.0              
28   17   5    0    0.0              
29   17   6    0    0.0              
30   17   7    0    0.0              
31   17   8    0    0.0              
32   17   9    0    0.0              

0.813733 1.627467 2.441200 3.254934 2.673696 2.092457 1.511219 0.929981 0.348743 0.232495 0.000000 

23   14   3    0    0.0              
24   15   3    0    0.0              
25   16   3    0    0.0              
26   17   3    5    3.8411063979868794
27   17   4    0    0.0              
28   17   5    0    0.0              
29   17   6    0    0.0              
30   17   7    0    0.0              
31   17   8    0    0.0              
32   17   9    0    0.0              
33   18   10   0    0.0              

0.813733 1.627467 2.441200 1.859962 1.278724 0.697486 0.116248 0.464991 1.046229 0.813733 0.000000 

24   15   3    0    0.0              
25   16   3    0    0.0              
26   17   3    6    3.8411063979868794
27   17   4    0    0.0              
28   17   5    0    0.0              
29   17   6    0    0.0              
30   17   7    0    0.0              
31   17   8    0    0.0              
32   17   9    0    0.0              
33   18   10   0    0.0              
34   19   10   0    0.0              

0.813733 1.627467 1.046229 0.464991 0.116248 0.697486 1.278724 1.859962 1.627467 0.813733 0.000000 

25   16   3    0    0.0              
26   17   3    6    3.8411063979868794
27   17   4    0    0.0              
28   17   5    0    0.0              
29   17   6    0    0.0              
30   17   7    0    0.0              
31   17   8    0    0.0              
32   17   9    1    1.8599622199011085
33   18   10   0    0.0              
34   19   10   0    0.0              
35   20   10   0    0.0              

0.813733 0.232495 0.348743 0.929981 1.511219 2.092457 2.673696 2.441200 1.627467 0.813733 0.000000 

26   17   3    6    3.8411063979868794
27   17   4    0    0.0              
28   17   5    0    0.0              
29   17   6    0    0.0              
30   17   7    0    0.0              
31   17   8    0    0.0              
32   17   9    2    2.6736956911078433
33   18   10   0    0.0              
34   19   10   0    0.0              
35   20   10   0    0.0              
36   21   10   0    0.0              

0.581238 1.162476 1.743715 2.324953 2.906191 3.487429 3.254934 2.441200 1.627467 0.813733 0.000000 

27   17   4    0    0.0              
28   17   5    0    0.0              
29   17   6    0    0.0              
30   17   7    0    0.0              
31   17   8    0    0.0              
32   17   9    3    3.4874291623145783
33   18   10   0    0.0              
34   19   10   0    0.0              
35   20   10   0    0.0              
36   21   10   0    0.0              
37   22   10   0    0.0              

0.707107 1.414214 2.121320 2.828427 3.535534 3.535534 2.828427 2.121320 1.414214 0.707107 0.000000 

28   17   5    0    0.0              
29   17   6    0    0.0              
30   17   7    0    0.0              
31   17   8    0    0.0              
32   17   9    4    3.5355339059327378
33   18   10   0    0.0              
34   19   10   0    0.0              
35   20   10   0    0.0              
36   21   10   0    0.0              
37   22   10   0    0.0              
38   23   10   0    0.0              

0.868243 1.736486 2.604729 3.472973 3.845077 3.348938 2.852799 2.356660 1.860521 1.364382 0.000000 

29   17   6    0    0.0              
30   17   7    0    0.0              
31   17   8    0    0.0              
32   17   9    4    3.5355339059327378
33   18   10   1    3.8450767722654624
34   19   10   0    0.0              
35   20   10   0    0.0              
36   21   10   0    0.0              
37   22   10   0    0.0              
38   23   10   0    0.0              
39   24   9    0    0.0              

0.961524 1.923048 2.884572 3.571375 3.296654 3.021932 2.747211 2.472490 2.197769 0.961524 0.000000 

30   17   7    0    0.0              
31   17   8    0    0.0              
32   17   9    4    3.5355339059327378
33   18   10   2    3.8450767722654624
34   19   10   0    0.0              
35   20   10   0    0.0              
36   21   10   0    0.0              
37   22   10   0    0.0              
38   23   10   0    0.0              
39   24   9    0    0.0              
40   24   8    0    0.0              

1.000000 2.000000 3.000000 3.000000 3.000000 3.000000 3.000000 3.000000 2.000000 1.000000 0.000000 

31   17   8    0    0.0              
32   17   9    4    3.5355339059327378
33   18   10   3    3.8450767722654624
34   19   10   0    0.0              
35   20   10   0    0.0              
36   21   10   0    0.0              
37   22   10   0    0.0              
38   23   10   0    0.0              
39   24   9    0    0.0              
40   24   8    0    0.0              
41   24   7    0    0.0              

0.992278 2.108590 2.232625 2.356660 2.480695 2.604729 2.728764 1.860521 0.868243 0.124035 0.000000 

32   17   9    4    3.5355339059327378
33   18   10   3    3.8450767722654624
34   19   10   0    0.0              
35   20   10   0    0.0              
36   21   10   0    0.0              
37   22   10   0    0.0              
38   23   10   1    2.7287641609625863
39   24   9    0    0.0              
40   24   8    0    0.0              
41   24   7    0    0.0              
42   25   7    0    0.0              

1.264911 1.581139 1.897367 2.213594 2.529822 2.846050 2.213594 1.264911 0.316228 0.632456 0.000000 

33   18   10   3    3.8450767722654624
34   19   10   0    0.0              
35   20   10   0    0.0              
36   21   10   0    0.0              
37   22   10   0    0.0              
38   23   10   2    2.8460498941515415
39   24   9    0    0.0              
40   24   8    0    0.0              
41   24   7    0    0.0              
42   25   7    0    0.0              
43   26   6    0    0.0              

0.406138 0.812277 1.218415 1.624554 2.030692 1.523019 0.609208 0.304604 0.101535 0.406138 0.000000 

34   19   10   0    0.0              
35   20   10   0    0.0              
36   21   10   0    0.0              
37   22   10   0    0.0              
38   23   10   3    2.8460498941515415
39   24   9    0    0.0              
40   24   8    0    0.0              
41   24   7    0    0.0              
42   25   7    0    0.0              
43   26   6    0    0.0              
44   27   6    0    0.0              

0.406138 0.812277 1.218415 1.624554 1.116881 0.203069 0.710742 0.304604 0.812277 0.406138 0.000000 

35   20   10   0    0.0              
36   21   10   0    0.0              
37   22   10   0    0.0              
38   23   10   4    2.8460498941515415
39   24   9    0    0.0              
40   24   8    0    0.0              
41   24   7    0    0.0              
42   25   7    0    0.0              
43   26   6    0    0.0              
44   27   6    0    0.0              
45   28   6    0    0.0              

0.406138 0.812277 1.218415 0.710742 0.203069 1.116881 0.710742 1.218415 0.812277 0.406138 0.000000 

36   21   10   0    0.0              
37   22   10   0    0.0              
38   23   10   5    2.8460498941515415
39   24   9    0    0.0              
40   24   8    0    0.0              
41   24   7    0    0.0              
42   25   7    0    0.0              
43   26   6    0    0.0              
44   27   6    0    0.0              
45   28   6    0    0.0              
46   29   6    0    0.0              

0.316228 0.632456 0.000000 0.948683 1.897367 1.581139 2.213594 1.897367 1.581139 1.264911 0.000000 

37   22   10   0    0.0              
38   23   10   5    2.8460498941515415
39   24   9    0    0.0              
40   24   8    0    0.0              
41   24   7    0    0.0              
42   25   7    0    0.0              
43   26   6    1    2.2135943621178655
44   27   6    0    0.0              
45   28   6    0    0.0              
46   29   6    0    0.0              
47   30   7    0    0.0              

0.216930 0.542326 1.518513 2.494700 2.277770 3.037026 2.820096 2.603165 2.386235 1.193118 0.000000 

38   23   10   5    2.8460498941515415
39   24   9    0    0.0              
40   24   8    0    0.0              
41   24   7    0    0.0              
42   25   7    0    0.0              
43   26   6    2    3.0370264094611863
44   27   6    0    0.0              
45   28   6    0    0.0              
46   29   6    0    0.0              
47   30   7    0    0.0              
48   31   8    0    0.0              

0.883452 1.877336 2.871220 2.760788 3.644240 3.533809 3.423377 3.312946 2.208631 1.104315 0.000000 

39   24   9    0    0.0              
40   24   8    0    0.0              
41   24   7    0    0.0              
42   25   7    0    0.0              
43   26   6    3    3.6442403604699356
44   27   6    0    0.0              
45   28   6    0    0.0              
46   29   6    0    0.0              
47   30   7    0    0.0              
48   31   8    0    0.0              
49   32   9    0    0.0              

0.993884 1.987767 2.098199 3.202514 3.312946 3.423377 3.533809 2.650357 1.766904 0.883452 0.000000 

40   24   8    0    0.0              
41   24   7    0    0.0              
42   25   7    0    0.0              
43   26   6    3    3.6442403604699356
44   27   6    0    0.0              
45   28   6    0    0.0              
46   29   6    1    3.533808834395089
47   30   7    0    0.0              
48   31   8    0    0.0              
49   32   9    0    0.0              
50   33   10   0    0.0              

0.948683 1.264911 2.529822 2.846050 3.162278 3.478505 2.846050 2.213594 1.581139 0.948683 0.000000 

41   24   7    0    0.0              
42   25   7    0    0.0              
43   26   6    3    3.6442403604699356
44   27   6    0    0.0              
45   28   6    0    0.0              
46   29   6    2    3.533808834395089
47   30   7    0    0.0              
48   31   8    0    0.0              
49   32   9    0    0.0              
50   33   10   0    0.0              
51   33   11   0    0.0              

0.447214 1.788854 2.236068 2.683282 3.130495 2.683282 2.236068 1.788854 1.341641 0.447214 0.000000 

42   25   7    0    0.0              
43   26   6    3    3.6442403604699356
44   27   6    0    0.0              
45   28   6    0    0.0              
46   29   6    3    3.533808834395089
47   30   7    0    0.0              
48   31   8    0    0.0              
49   32   9    0    0.0              
50   33   10   0    0.0              
51   33   11   0    0.0              
52   34   12   0    0.0              

1.386750 1.941451 2.496151 3.050851 2.773501 2.496151 2.218801 1.941451 1.109400 0.832050 0.000000 

43   26   6    3    3.6442403604699356
44   27   6    0    0.0              
45   28   6    0    0.0              
46   29   6    4    3.533808834395089
47   30   7    0    0.0              
48   31   8    0    0.0              
49   32   9    0    0.0              
50   33   10   0    0.0              
51   33   11   0    0.0              
52   34   12   0    0.0              
53   34   13   0    0.0              

0.707107 1.414214 2.121320 2.121320 2.121320 2.121320 2.121320 1.414214 1.414214 0.707107 0.000000 

44   27   6    0    0.0              
45   28   6    0    0.0              
46   29   6    5    3.533808834395089
47   30   7    0    0.0              
48   31   8    0    0.0              
49   32   9    0    0.0              
50   33   10   0    0.0              
51   33   11   0    0.0              
52   34   12   0    0.0              
53   34   13   0    0.0              
54   34   14   0    0.0              

0.789352 1.578704 1.754116 1.929528 2.104939 2.280351 1.666410 1.841822 1.227881 0.613941 0.000000 

45   28   6    0    0.0              
46   29   6    5    3.533808834395089
47   30   7    0    0.0              
48   31   8    0    0.0              
49   32   9    0    0.0              
50   33   10   1    2.280350850198276
51   33   11   0    0.0              
52   34   12   0    0.0              
53   34   13   0    0.0              
54   34   14   0    0.0              
55   34   15   0    0.0              

0.857493 1.200490 1.543487 1.886484 2.229482 1.714986 2.057983 1.543487 1.028992 0.514496 0.000000 

46   29   6    5    3.533808834395089
47   30   7    0    0.0              
48   31   8    0    0.0              
49   32   9    0    0.0              
50   33   10   2    2.280350850198276
51   33   11   0    0.0              
52   34   12   0    0.0              
53   34   13   0    0.0              
54   34   14   0    0.0              
55   34   15   0    0.0              
56   34   16   0    0.0              

0.496564 0.993127 1.489691 1.986254 1.572451 2.069015 1.655212 1.241409 0.827606 0.413803 0.000000 

47   30   7    0    0.0              
48   31   8    0    0.0              
49   32   9    0    0.0              
50   33   10   2    2.280350850198276
51   33   11   0    0.0              
52   34   12   1    2.06901472150592 
53   34   13   0    0.0              
54   34   14   0    0.0              
55   34   15   0    0.0              
56   34   16   0    0.0              
57   34   17   0    0.0              

0.701646 1.403293 2.104939 1.841822 2.543468 2.280351 2.017233 1.754116 1.490999 1.227881 0.000000 

48   31   8    0    0.0              
49   32   9    0    0.0              
50   33   10   2    2.280350850198276
51   33   11   0    0.0              
52   34   12   2    2.5434682559903847
53   34   13   0    0.0              
54   34   14   0    0.0              
55   34   15   0    0.0              
56   34   16   0    0.0              
57   34   17   0    0.0              
58   33   18   0    0.0              

0.905357 1.810715 1.720179 2.625537 2.535001 2.444465 2.353929 2.263394 2.172858 1.086429 0.000000 

49   32   9    0    0.0              
50   33   10   2    2.280350850198276
51   33   11   0    0.0              
52   34   12   3    2.625536635233037
53   34   13   0    0.0              
54   34   14   0    0.0              
55   34   15   0    0.0              
56   34   16   0    0.0              
57   34   17   0    0.0              
58   33   18   0    0.0              
59   32   19   0    0.0              

1.086429 1.176965 2.263394 2.353929 2.444465 2.535001 2.625537 2.716072 1.810715 0.905357 0.000000 

50   33   10   2    2.280350850198276
51   33   11   0    0.0              
52   34   12   3    2.625536635233037
53   34   13   0    0.0              
54   34   14   0    0.0              
55   34   15   0    0.0              
56   34   16   0    0.0              
57   34   17   1    2.7160723812755556
58   33   18   0    0.0              
59   32   19   0    0.0              
60   31   20   0    0.0              

0.263117 1.490999 1.754116 2.017233 2.280351 2.543468 2.806586 2.104939 1.403293 0.701646 0.000000 

51   33   11   0    0.0              
52   34   12   3    2.625536635233037
53   34   13   0    0.0              
54   34   14   0    0.0              
55   34   15   0    0.0              
56   34   16   0    0.0              
57   34   17   2    2.806585661782494
58   33   18   0    0.0              
59   32   19   0    0.0              
60   31   20   0    0.0              
61   30   21   0    0.0              

1.281536 1.623280 1.965023 2.306766 2.648509 2.990252 2.392201 1.794151 1.196101 0.598050 0.000000 

52   34   12   3    2.625536635233037
53   34   13   0    0.0              
54   34   14   0    0.0              
55   34   15   0    0.0              
56   34   16   0    0.0              
57   34   17   3    2.9902518020086633
58   33   18   0    0.0              
59   32   19   0    0.0              
60   31   20   0    0.0              
61   30   21   0    0.0              
62   29   22   0    0.0              

0.514496 1.028992 1.543487 2.057983 2.572479 2.229482 1.886484 1.543487 1.200490 0.857493 0.000000 

53   34   13   0    0.0              
54   34   14   0    0.0              
55   34   15   0    0.0              
56   34   16   0    0.0              
57   34   17   4    2.9902518020086633
58   33   18   0    0.0              
59   32   19   0    0.0              
60   31   20   0    0.0              
61   30   21   0    0.0              
62   29   22   0    0.0              
63   28   22   0    0.0              

0.613941 1.227881 1.841822 2.455762 2.280351 2.104939 1.929528 1.754116 1.578704 0.789352 0.000000 

54   34   14   0    0.0              
55   34   15   0    0.0              
56   34   16   0    0.0              
57   34   17   5    2.9902518020086633
58   33   18   0    0.0              
59   32   19   0    0.0              
60   31   20   0    0.0              
61   30   21   0    0.0              
62   29   22   0    0.0              
63   28   22   0    0.0              
64   27   22   0    0.0              

0.707107 1.414214 2.121320 2.121320 2.121320 2.121320 2.121320 2.121320 1.414214 0.707107 0.000000 

55   34   15   0    0.0              
56   34   16   0    0.0              
57   34   17   6    2.9902518020086633
58   33   18   0    0.0              
59   32   19   0    0.0              
60   31   20   0    0.0              
61   30   21   0    0.0              
62   29   22   0    0.0              
63   28   22   0    0.0              
64   27   22   0    0.0              
65   26   22   0    0.0              

0.832050 1.664101 1.941451 2.218801 2.496151 2.773501 3.050851 2.496151 1.941451 1.386750 0.000000 

56   34   16   0    0.0              
57   34   17   6    2.9902518020086633
58   33   18   0    0.0              
59   32   19   0    0.0              
60   31   20   0    0.0              
61   30   21   0    0.0              
62   29   22   1    3.0508510792387598
63   28   22   0    0.0              
64   27   22   0    0.0              
65   26   22   0    0.0              
66   25   21   0    0.0              

0.894427 1.341641 1.788854 2.236068 2.683282 3.130495 2.683282 2.236068 1.788854 0.447214 0.000000 

57   34   17   6    2.9902518020086633
58   33   18   0    0.0              
59   32   19   0    0.0              
60   31   20   0    0.0              
61   30   21   0    0.0              
62   29   22   2    3.1304951684997055
63   28   22   0    0.0              
64   27   22   0    0.0              
65   26   22   0    0.0              
66   25   21   0    0.0              
67   24   21   0    0.0              

0.701646 1.403293 2.104939 2.806586 3.508232 3.245115 2.981997 2.718880 1.490999 1.227881 0.000000 

58   33   18   0    0.0              
59   32   19   0    0.0              
60   31   20   0    0.0              
61   30   21   0    0.0              
62   29   22   3    3.5082320772281173
63   28   22   0    0.0              
64   27   22   0    0.0              
65   26   22   0    0.0              
66   25   21   0    0.0              
67   24   21   0    0.0              
68   23   20   0    0.0              

0.905357 1.810715 2.716072 3.621430 3.530894 3.440358 3.349823 2.263394 2.172858 1.086429 0.000000 

59   32   19   0    0.0              
60   31   20   0    0.0              
61   30   21   0    0.0              
62   29   22   4    3.621429841700741
63   28   22   0    0.0              
64   27   22   0    0.0              
65   26   22   0    0.0              
66   25   21   0    0.0              
67   24   21   0    0.0              
68   23   20   0    0.0              
69   22   19   0    0.0              

1.086429 2.172858 3.259287 3.349823 3.440358 3.530894 2.625537 2.716072 1.810715 0.905357 0.000000 

60   31   20   0    0.0              
61   30   21   0    0.0              
62   29   22   4    3.621429841700741
63   28   22   0    0.0              
64   27   22   0    0.0              
65   26   22   1    3.5308940956582227
66   25   21   0    0.0              
67   24   21   0    0.0              
68   23   20   0    0.0              
69   22   19   0    0.0              
70   21   18   0    0.0              

1.227881 2.455762 2.718880 2.981997 3.245115 2.543468 2.806586 2.104939 1.403293 0.701646 0.000000 

61   30   21   0    0.0              
62   29   22   4    3.621429841700741
63   28   22   0    0.0              
64   27   22   0    0.0              
65   26   22   2    3.5308940956582227
66   25   21   0    0.0              
67   24   21   0    0.0              
68   23   20   0    0.0              
69   22   19   0    0.0              
70   21   18   0    0.0              
71   20   17   0    0.0              

1.341641 1.788854 2.236068 2.683282 2.236068 2.683282 2.236068 1.788854 1.341641 0.894427 0.000000 

62   29   22   4    3.621429841700741
63   28   22   0    0.0              
64   27   22   0    0.0              
65   26   22   3    3.5308940956582227
66   25   21   0    0.0              
67   24   21   0    0.0              
68   23   20   0    0.0              
69   22   19   0    0.0              
70   21   18   0    0.0              
71   20   17   0    0.0              
72   20   16   0    0.0              

0.573462 1.146925 1.720387 1.474617 2.048080 1.802310 1.556541 1.310771 1.065001 0.245770 0.000000 

63   28   22   0    0.0              
64   27   22   0    0.0              
65   26   22   3    3.5308940956582227
66   25   21   0    0.0              
67   24   21   1    2.048079801297601
68   23   20   0    0.0              
69   22   19   0    0.0              
70   21   18   0    0.0              
71   20   17   0    0.0              
72   20   16   0    0.0              
73   19   15   0    0.0              

0.624695 1.249390 1.093216 1.717911 1.561738 1.405564 1.249390 1.093216 0.312348 0.156174 0.000000 

64   27   22   0    0.0              
65   26   22   3    3.5308940956582227
66   25   21   0    0.0              
67   24   21   2    2.048079801297601
68   23   20   0    0.0              
69   22   19   0    0.0              
70   21   18   0    0.0              
71   20   17   0    0.0              
72   20   16   0    0.0              
73   19   15   0    0.0              
74   18   14   0    0.0              

0.573462 0.327693 0.901155 0.655386 0.409616 0.163846 0.081923 0.901155 1.146925 1.392694 0.000000 

65   26   22   3    3.5308940956582227
66   25   21   0    0.0              
67   24   21   2    2.048079801297601
68   23   20   0    0.0              
69   22   19   0    0.0              
70   21   18   0    0.0              
71   20   17   0    0.0              
72   20   16   0    0.0              
73   19   15   0    0.0              
74   18   14   1    1.3926942648823688
75   17   15   0    0.0              

0.342997 0.171499 0.171499 0.514496 0.857493 1.200490 2.057983 2.400980 2.743977 1.371989 0.000000 

66   25   21   0    0.0              
67   24   21   2    2.048079801297601
68   23   20   0    0.0              
69   22   19   0    0.0              
70   21   18   0    0.0              
71   20   17   0    0.0              
72   20   16   0    0.0              
73   19   15   0    0.0              
74   18   14   2    2.743977362280141
75   17   15   0    0.0              
76   16   16   0    0.0              

0.406138 0.101535 0.609208 1.116881 1.624554 2.538365 3.046038 3.553712 2.233762 0.913812 0.000000 

67   24   21   2    2.048079801297601
68   23   20   0    0.0              
69   22   19   0    0.0              
70   21   18   0    0.0              
71   20   17   0    0.0              
72   20   16   0    0.0              
73   19   15   0    0.0              
74   18   14   3    3.553711577967667
75   17   15   0    0.0              
76   16   16   0    0.0              
77   16   17   0    0.0              

0.585206 1.170411 1.755617 2.340823 3.277152 3.862358 4.447564 3.160111 1.872658 0.936329 0.000000 

68   23   20   0    0.0              
69   22   19   0    0.0              
70   21   18   0    0.0              
71   20   17   0    0.0              
72   20   16   0    0.0              
73   19   15   0    0.0              
74   18   14   4    4.447563593452962
75   17   15   0    0.0              
76   16   16   0    0.0              
77   16   17   0    0.0              
78   16   18   0    0.0              

0.868243 1.736486 2.604729 3.597007 4.465250 5.333494 4.217181 3.100868 2.108590 1.116313 0.000000 

69   22   19   0    0.0              
70   21   18   0    0.0              
71   20   17   0    0.0              
72   20   16   0    0.0              
73   19   15   0    0.0              
74   18   14   5    5.333493587335964
75   17   15   0    0.0              
76   16   16   0    0.0              
77   16   17   0    0.0              
78   16   18   0    0.0              
79   15   19   0    0.0              

1.116313 2.232625 3.224903 4.341216 5.457528 4.589285 3.721042 2.728764 1.736486 0.868243 0.000000 

70   21   18   0    0.0              
71   20   17   0    0.0              
72   20   16   0    0.0              
73   19   15   0    0.0              
74   18   14   6    5.457528321925173
75   17   15   0    0.0              
76   16   16   0    0.0              
77   16   17   0    0.0              
78   16   18   0    0.0              
79   15   19   0    0.0              
80   14   20   0    0.0              

1.287453 2.223782 3.511234 4.798687 4.213481 3.628276 2.691946 1.755617 1.170411 0.585206 0.000000 

71   20   17   0    0.0              
72   20   16   0    0.0              
73   19   15   0    0.0              
74   18   14   7    5.457528321925173
75   17   15   0    0.0              
76   16   16   0    0.0              
77   16   17   0    0.0              
78   16   18   0    0.0              
79   15   19   0    0.0              
80   14   20   0    0.0              
81   13   21   0    0.0              

0.847998 2.225996 3.603993 3.285993 2.967994 2.119996 1.271997 0.953998 0.635999 0.317999 0.000000 

72   20   16   0    0.0              
73   19   15   0    0.0              
74   18   14   8    5.457528321925173
75   17   15   0    0.0              
76   16   16   0    0.0              
77   16   17   0    0.0              
78   16   18   0    0.0              
79   15   19   0    0.0              
80   14   20   0    0.0              
81   13   21   0    0.0              
82   12   22   0    0.0              

1.403293 2.806586 2.631174 2.455762 1.666410 0.877058 0.701646 0.526235 0.350823 0.175412 0.000000 

73   19   15   0    0.0              
74   18   14   9    5.457528321925173
75   17   15   0    0.0              
76   16   16   0    0.0              
77   16   17   0    0.0              
78   16   18   0    0.0              
79   15   19   0    0.0              
80   14   20   0    0.0              
81   13   21   0    0.0              
82   12   22   0    0.0              
83   11   23   0    0.0              

1.414214 1.414214 1.414214 0.707107 0.000000 0.000000 0.000000 0.000000 0.000000 0.000000 0.000000 

74   18   14   10   5.457528321925173
75   17   15   0    0.0              
76   16   16   0    0.0              
77   16   17   0    0.0              
78   16   18   0    0.0              
79   15   19   0    0.0              
80   14   20   0    0.0              
81   13   21   0    0.0              
82   12   22   0    0.0              
83   11   23   0    0.0              
84   10   24   0    0.0              

0.000000 0.000000 0.707107 1.414214 1.414214 1.414214 1.414214 1.414214 1.414214 1.414214 0.000000 

75   17   15   0    0.0              
76   16   16   0    0.0              
77   16   17   0    0.0              
78   16   18   1    1.4142135623730951
79   15   19   0    0.0              
80   14   20   0    0.0              
81   13   21   0    0.0              
82   12   22   0    0.0              
83   11   23   0    0.0              
84   10   24   0    0.0              
85   9    23   0    0.0              

0.175412 0.964764 1.754116 1.929528 2.104939 2.280351 2.455762 2.631174 2.806586 1.403293 0.000000 

76   16   16   0    0.0              
77   16   17   0    0.0              
78   16   18   1    1.4142135623730951
79   15   19   0    0.0              
80   14   20   0    0.0              
81   13   21   0    0.0              
82   12   22   0    0.0              
83   11   23   0    0.0              
84   10   24   1    2.806585661782494
85   9    23   0    0.0              
86   8    22   0    0.0              

0.874157 1.748315 2.136829 2.525343 2.913858 3.302372 3.690886 4.079401 2.719600 1.359800 0.000000 

77   16   17   0    0.0              
78   16   18   1    1.4142135623730951
79   15   19   0    0.0              
80   14   20   0    0.0              
81   13   21   0    0.0              
82   12   22   0    0.0              
83   11   23   0    0.0              
84   10   24   2    4.0794006219005094
85   9    23   0    0.0              
86   8    22   0    0.0              
87   7    21   0    0.0              

0.957826 1.628305 2.298783 2.969261 3.639740 4.310218 4.980697 3.735523 2.490348 1.245174 0.000000 

78   16   18   1    1.4142135623730951
79   15   19   0    0.0              
80   14   20   0    0.0              
81   13   21   0    0.0              
82   12   22   0    0.0              
83   11   23   0    0.0              
84   10   24   3    4.980696683149987
85   9    23   0    0.0              
86   8    22   0    0.0              
87   7    21   0    0.0              
88   6    20   0    0.0              

0.905357 1.810715 2.716072 3.621430 4.526787 5.432145 4.345716 3.259287 2.172858 1.086429 0.000000 

79   15   19   0    0.0              
80   14   20   0    0.0              
81   13   21   0    0.0              
82   12   22   0    0.0              
83   11   23   0    0.0              
84   10   24   4    5.432144762551111
85   9    23   0    0.0              
86   8    22   0    0.0              
87   7    21   0    0.0              
88   6    20   0    0.0              
89   5    19   0    0.0              

1.086429 2.172858 3.259287 4.345716 5.432145 4.526787 3.621430 2.716072 1.810715 0.905357 0.000000 

80   14   20   0    0.0              
81   13   21   0    0.0              
82   12   22   0    0.0              
83   11   23   0    0.0              
84   10   24   5    5.432144762551111
85   9    23   0    0.0              
86   8    22   0    0.0              
87   7    21   0    0.0              
88   6    20   0    0.0              
89   5    19   0    0.0              
90   4    18   0    0.0              

1.227881 2.455762 3.683644 4.911525 4.209878 3.508232 2.806586 2.104939 1.403293 0.701646 0.000000 

81   13   21   0    0.0              
82   12   22   0    0.0              
83   11   23   0    0.0              
84   10   24   6    5.432144762551111
85   9    23   0    0.0              
86   8    22   0    0.0              
87   7    21   0    0.0              
88   6    20   0    0.0              
89   5    19   0    0.0              
90   4    18   0    0.0              
91   3    17   0    0.0              

1.324169 2.648339 3.972508 3.475945 2.979381 2.482818 1.986254 1.489691 0.993127 0.496564 0.000000 

82   12   22   0    0.0              
83   11   23   0    0.0              
84   10   24   7    5.432144762551111
85   9    23   0    0.0              
86   8    22   0    0.0              
87   7    21   0    0.0              
88   6    20   0    0.0              
89   5    19   0    0.0              
90   4    18   0    0.0              
91   3    17   0    0.0              
92   2    16   0    0.0              

1.380537 2.761074 2.454288 2.147502 1.840716 1.533930 1.227144 0.920358 0.613572 0.306786 0.000000 

83   11   23   0    0.0              
84   10   24   8    5.432144762551111
85   9    23   0    0.0              
86   8    22   0    0.0              
87   7    21   0    0.0              
88   6    20   0    0.0              
89   5    19   0    0.0              
90   4    18   0    0.0              
91   3    17   0    0.0              
92   2    16   0    0.0              
0    1    15   0    0.0              

1.414214 1.414214 1.414214 1.414214 1.414214 1.414214 1.414214 1.414214 1.414214 1.414214 0.000000 

84   10   24   9    5.432144762551111
85   9    23   0    0.0              
86   8    22   0    0.0              
87   7    21   0    0.0              
88   6    20   0    0.0              
89   5    19   0    0.0              
90   4    18   0    0.0              
91   3    17   0    0.0              
92   2    16   0    0.0              
0    1    15   0    0.0              
1    2    14   0    0.0              

0.306786 0.613572 0.920358 1.227144 1.533930 1.840716 2.147502 2.454288 2.761074 1.380537 0.000000 

85   9    23   0    0.0              
86   8    22   0    0.0              
87   7    21   0    0.0              
88   6    20   0    0.0              
89   5    19   0    0.0              
90   4    18   0    0.0              
91   3    17   0    0.0              
92   2    16   0    0.0              
0    1    15   1    2.7610739598505334
1    2    14   0    0.0              
2    3    13   0    0.0              

0.496564 0.993127 1.489691 1.986254 2.482818 2.979381 3.475945 3.972508 2.648339 1.324169 0.000000 

86   8    22   0    0.0              
87   7    21   0    0.0              
88   6    20   0    0.0              
89   5    19   0    0.0              
90   4    18   0    0.0              
91   3    17   0    0.0              
92   2    16   0    0.0              
0    1    15   2    3.972508265291366
1    2    14   0    0.0              
2    3    13   0    0.0              
3    4    12   0    0.0              

0.598050 1.196101 1.794151 2.392201 2.990252 3.588302 4.186353 2.904816 1.623280 0.341743 0.000000 

87   7    21   0    0.0              
88   6    20   0    0.0              
89   5    19   0    0.0              
90   4    18   0    0.0              
91   3    17   0    0.0              
92   2    16   0    0.0              
0    1    15   3    4.186352522812128
1    2    14   0    0.0              
2    3    13   0    0.0              
3    4    12   0    0.0              
4    4    11   0    0.0              



Index  X   Y   maxCount  maxDistance      
0      1   15  3         4.186352522812128
1      2   14  0         0.0              
2      3   13  0         0.0              
3      4   12  0         0.0              
4      4   11  0         0.0              
5      4   10  0         0.0              
6      4   9   0         0.0              
7      4   8   0         0.0              
8      4   7   0         0.0              
9      4   6   7         4.841386618546788
10     5   7   0         0.0              
11     6   7   0         0.0              
12     7   8   0         0.0              
13     8   9   3         4.333112284370844
14     9   8   0         0.0              
15     10  8   3         3.3489378339086286
16     11  7   0         0.0              
17     11  6   0         0.0              
18     11  5   0         0.0              
19     11  4   0         0.0              
20     11  3   5         3.5777087639996634
21     12  3   0         0.0              
22     13  3   0         0.0              
23     14  3   0         0.0              
24     15  3   0         0.0              
25     16  3   0         0.0              
26     17  3   6         3.8411063979868794
27     17  4   0         0.0              
28     17  5   0         0.0              
29     17  6   0         0.0              
30     17  7   0         0.0              
31     17  8   0         0.0              
32     17  9   4         3.5355339059327378
33     18  10  3         3.8450767722654624
34     19  10  0         0.0              
35     20  10  0         0.0              
36     21  10  0         0.0              
37     22  10  0         0.0              
38     23  10  5         2.8460498941515415
39     24  9   0         0.0              
40     24  8   0         0.0              
41     24  7   0         0.0              
42     25  7   0         0.0              
43     26  6   3         3.6442403604699356
44     27  6   0         0.0              
45     28  6   0         0.0              
46     29  6   5         3.533808834395089
47     30  7   0         0.0              
48     31  8   0         0.0              
49     32  9   0         0.0              
50     33  10  2         2.280350850198276
51     33  11  0         0.0              
52     34  12  3         2.625536635233037
53     34  13  0         0.0              
54     34  14  0         0.0              
55     34  15  0         0.0              
56     34  16  0         0.0              
57     34  17  6         2.9902518020086633
58     33  18  0         0.0              
59     32  19  0         0.0              
60     31  20  0         0.0              
61     30  21  0         0.0              
62     29  22  4         3.621429841700741
63     28  22  0         0.0              
64     27  22  0         0.0              
65     26  22  3         3.5308940956582227
66     25  21  0         0.0              
67     24  21  2         2.048079801297601
68     23  20  0         0.0              
69     22  19  0         0.0              
70     21  18  0         0.0              
71     20  17  0         0.0              
72     20  16  0         0.0              
73     19  15  0         0.0              
74     18  14  10        5.457528321925173
75     17  15  0         0.0              
76     16  16  0         0.0              
77     16  17  0         0.0              
78     16  18  1         1.4142135623730951
79     15  19  0         0.0              
80     14  20  0         0.0              
81     13  21  0         0.0              
82     12  22  0         0.0              
83     11  23  0         0.0              
84     10  24  9         5.432144762551111
85     9   23  0         0.0              
86     8   22  0         0.0              
87     7   21  0         0.0              
88     6   20  0         0.0              
89     5   19  0         0.0              
90     4   18  0         0.0              
91     3   17  0         0.0              
92     2   16  0         0.0              
