0.525226 1.050451 1.575677 1.181758 0.787839 0.393919 0.000000 

1    2    14   0    0.0              
2    3    13   0    0.0              
3    4    12   1    1.5756771943166705
4    4    11   0    0.0              
5    4    10   0    0.0              
6    4    9    0    0.0              
7    4    8    0    0.0              

0.686803 1.373606 1.098885 0.824163 0.549442 0.274721 0.000000 

2    3    13   0    0.0              
3    4    12   2    1.5756771943166705
4    4    11   0    0.0              
5    4    10   0    0.0              
6    4    9    0    0.0              
7    4    8    0    0.0              
8    4    7    0    0.0              

0.848528 0.707107 0.565685 0.424264 0.282843 0.141421 0.000000 

3    4    12   3    1.5756771943166705
4    4    11   0    0.0              
5    4    10   0    0.0              
6    4    9    0    0.0              
7    4    8    0    0.0              
8    4    7    0    0.0              
9    4    6    0    0.0              

0.196116 0.392232 0.588348 0.784465 0.980581 1.176697 0.000000 

4    4    11   0    0.0              
5    4    10   0    0.0              
6    4    9    0    0.0              
7    4    8    0    0.0              
8    4    7    0    0.0              
9    4    6    1    1.1766968108291043
10   5    7    0    0.0              

0.447214 0.894427 1.341641 1.788854 2.236068 0.894427 0.000000 

5    4    10   0    0.0              
6    4    9    0    0.0              
7    4    8    0    0.0              
8    4    7    0    0.0              
9    4    6    2    2.23606797749979 
10   5    7    0    0.0              
11   6    7    0    0.0              

0.832050 1.664101 2.496151 3.328201 1.941451 1.386750 0.000000 

6    4    9    0    0.0              
7    4    8    0    0.0              
8    4    7    0    0.0              
9    4    6    3    3.328201177351375
10   5    7    0    0.0              
11   6    7    0    0.0              
12   7    8    0    0.0              

1.000000 2.000000 3.000000 2.000000 2.000000 1.000000 0.000000 

7    4    8    0    0.0              
8    4    7    0    0.0              
9    4    6    4    3.328201177351375
10   5    7    0    0.0              
11   6    7    0    0.0              
12   7    8    0    0.0              
13   8    9    0    0.0              

1.000000 2.000000 1.000000 1.000000 0.000000 1.000000 0.000000 

8    4    7    0    0.0              
9    4    6    5    3.328201177351375
10   5    7    0    0.0              
11   6    7    0    0.0              
12   7    8    0    0.0              
13   8    9    0    0.0              
14   9    8    0    0.0              

0.986394 0.164399 0.328798 0.493197 1.315192 0.164399 0.000000 

9    4    6    5    3.328201177351375
10   5    7    0    0.0              
11   6    7    0    0.0              
12   7    8    0    0.0              
13   8    9    1    1.3151918984428583
14   9    8    0    0.0              
15   10   8    0    0.0              

0.848528 0.707107 1.555635 2.404163 1.272792 1.131371 0.000000 

10   5    7    0    0.0              
11   6    7    0    0.0              
12   7    8    0    0.0              
13   8    9    2    2.4041630560342613
14   9    8    0    0.0              
15   10   8    0    0.0              
16   11   7    0    0.0              

0.164399 1.315192 2.465985 1.643990 1.808389 0.986394 0.000000 

11   6    7    0    0.0              
12   7    8    0    0.0              
13   8    9    3    2.4659848095803594
14   9    8    0    0.0              
15   10   8    0    0.0              
16   11   7    0    0.0              
17   11   6    0    0.0              

1.299867 2.599735 2.042649 2.414039 1.856953 0.928477 0.000000 

12   7    8    0    0.0              
13   8    9    4    2.599734734478726
14   9    8    0    0.0              
15   10   8    0    0.0              
16   11   7    0    0.0              
17   11   6    0    0.0              
18   11   5    0    0.0              

1.414214 1.414214 2.121320 2.121320 1.414214 0.707107 0.000000 

13   8    9    4    2.599734734478726
14   9    8    0    0.0              
15   10   8    1    2.1213203435596424
16   11   7    0    0.0              
17   11   6    0    0.0              
18   11   5    0    0.0              
19   11   4    0    0.0              

0.447214 1.341641 1.788854 1.341641 0.894427 0.447214 0.000000 

14   9    8    0    0.0              
15   10   8    1    2.1213203435596424
16   11   7    1    1.7888543819998317
17   11   6    0    0.0              
18   11   5    0    0.0              
19   11   4    0    0.0              
20   11   3    0    0.0              

0.857493 1.200490 0.685994 0.171499 0.342997 0.857493 0.000000 

15   10   8    1    2.1213203435596424
16   11   7    2    1.7888543819998317
17   11   6    0    0.0              
18   11   5    0    0.0              
19   11   4    0    0.0              
20   11   3    0    0.0              
21   12   3    0    0.0              

0.342997 0.171499 0.685994 1.200490 1.714986 0.857493 0.000000 

16   11   7    2    1.7888543819998317
17   11   6    0    0.0              
18   11   5    0    0.0              
19   11   4    0    0.0              
20   11   3    1    1.7149858514250882
21   12   3    0    0.0              
22   13   3    0    0.0              

0.600000 1.200000 1.800000 2.400000 1.600000 0.800000 0.000000 

17   11   6    0    0.0              
18   11   5    0    0.0              
19   11   4    0    0.0              
20   11   3    2    2.4              
21   12   3    0    0.0              
22   13   3    0    0.0              
23   14   3    0    0.0              

0.800000 1.600000 2.400000 1.800000 1.200000 0.600000 0.000000 

18   11   5    0    0.0              
19   11   4    0    0.0              
20   11   3    3    2.4              
21   12   3    0    0.0              
22   13   3    0    0.0              
23   14   3    0    0.0              
24   15   3    0    0.0              

0.928477 1.856953 1.485563 1.114172 0.742781 0.371391 0.000000 

19   11   4    0    0.0              
20   11   3    4    2.4              
21   12   3    0    0.0              
22   13   3    0    0.0              
23   14   3    0    0.0              
24   15   3    0    0.0              
25   16   3    0    0.0              

0.986394 0.821995 0.657596 0.493197 0.328798 0.164399 0.000000 

20   11   3    5    2.4              
21   12   3    0    0.0              
22   13   3    0    0.0              
23   14   3    0    0.0              
24   15   3    0    0.0              
25   16   3    0    0.0              
26   17   3    0    0.0              

0.164399 0.328798 0.493197 0.657596 0.821995 0.986394 0.000000 

21   12   3    0    0.0              
22   13   3    0    0.0              
23   14   3    0    0.0              
24   15   3    0    0.0              
25   16   3    0    0.0              
26   17   3    1    0.9863939238321437
27   17   4    0    0.0              

0.371391 0.742781 1.114172 1.485563 1.856953 0.928477 0.000000 

22   13   3    0    0.0              
23   14   3    0    0.0              
24   15   3    0    0.0              
25   16   3    0    0.0              
26   17   3    2    1.8569533817705188
27   17   4    0    0.0              
28   17   5    0    0.0              

0.600000 1.200000 1.800000 2.400000 1.600000 0.800000 0.000000 

23   14   3    0    0.0              
24   15   3    0    0.0              
25   16   3    0    0.0              
26   17   3    3    2.4              
27   17   4    0    0.0              
28   17   5    0    0.0              
29   17   6    0    0.0              

0.800000 1.600000 2.400000 1.800000 1.200000 0.600000 0.000000 

24   15   3    0    0.0              
25   16   3    0    0.0              
26   17   3    4    2.4              
27   17   4    0    0.0              
28   17   5    0    0.0              
29   17   6    0    0.0              
30   17   7    0    0.0              

0.928477 1.856953 1.485563 1.114172 0.742781 0.371391 0.000000 

25   16   3    0    0.0              
26   17   3    5    2.4              
27   17   4    0    0.0              
28   17   5    0    0.0              
29   17   6    0    0.0              
30   17   7    0    0.0              
31   17   8    0    0.0              

0.986394 0.821995 0.657596 0.493197 0.328798 0.164399 0.000000 

26   17   3    6    2.4              
27   17   4    0    0.0              
28   17   5    0    0.0              
29   17   6    0    0.0              
30   17   7    0    0.0              
31   17   8    0    0.0              
32   17   9    0    0.0              

0.141421 0.282843 0.424264 0.565685 0.707107 0.848528 0.000000 

27   17   4    0    0.0              
28   17   5    0    0.0              
29   17   6    0    0.0              
30   17   7    0    0.0              
31   17   8    0    0.0              
32   17   9    1    0.848528137423857
33   18   10   0    0.0              

0.316228 0.632456 0.948683 1.264911 1.581139 0.948683 0.000000 

28   17   5    0    0.0              
29   17   6    0    0.0              
30   17   7    0    0.0              
31   17   8    0    0.0              
32   17   9    2    1.5811388300841895
33   18   10   0    0.0              
34   19   10   0    0.0              

0.514496 1.028992 1.543487 2.057983 1.714986 0.857493 0.000000 

29   17   6    0    0.0              
30   17   7    0    0.0              
31   17   8    0    0.0              
32   17   9    3    2.057983021710106
33   18   10   0    0.0              
34   19   10   0    0.0              
35   20   10   0    0.0              

0.707107 1.414214 2.121320 2.121320 1.414214 0.707107 0.000000 

30   17   7    0    0.0              
31   17   8    0    0.0              
32   17   9    4    2.1213203435596424
33   18   10   0    0.0              
34   19   10   0    0.0              
35   20   10   0    0.0              
36   21   10   0    0.0              

0.857493 1.714986 2.057983 1.543487 1.028992 0.514496 0.000000 

31   17   8    0    0.0              
32   17   9    4    2.1213203435596424
33   18   10   1    2.057983021710106
34   19   10   0    0.0              
35   20   10   0    0.0              
36   21   10   0    0.0              
37   22   10   0    0.0              

0.948683 1.581139 1.264911 0.948683 0.632456 0.316228 0.000000 

32   17   9    4    2.1213203435596424
33   18   10   2    2.057983021710106
34   19   10   0    0.0              
35   20   10   0    0.0              
36   21   10   0    0.0              
37   22   10   0    0.0              
38   23   10   0    0.0              

1.000000 1.000000 1.000000 1.000000 1.000000 1.000000 0.000000 

33   18   10   3    2.057983021710106
34   19   10   0    0.0              
35   20   10   0    0.0              
36   21   10   0    0.0              
37   22   10   0    0.0              
38   23   10   0    0.0              
39   24   9    0    0.0              

0.316228 0.632456 0.948683 1.264911 1.581139 0.948683 0.000000 

34   19   10   0    0.0              
35   20   10   0    0.0              
36   21   10   0    0.0              
37   22   10   0    0.0              
38   23   10   1    1.5811388300841895
39   24   9    0    0.0              
40   24   8    0    0.0              

0.514496 1.028992 1.543487 2.057983 1.714986 0.857493 0.000000 

35   20   10   0    0.0              
36   21   10   0    0.0              
37   22   10   0    0.0              
38   23   10   2    2.057983021710106
39   24   9    0    0.0              
40   24   8    0    0.0              
41   24   7    0    0.0              

0.514496 1.028992 1.543487 1.200490 0.342997 0.514496 0.000000 

36   21   10   0    0.0              
37   22   10   0    0.0              
38   23   10   3    2.057983021710106
39   24   9    0    0.0              
40   24   8    0    0.0              
41   24   7    0    0.0              
42   25   7    0    0.0              

0.624695 1.249390 1.093216 0.312348 0.468521 0.156174 0.000000 

37   22   10   0    0.0              
38   23   10   4    2.057983021710106
39   24   9    0    0.0              
40   24   8    0    0.0              
41   24   7    0    0.0              
42   25   7    0    0.0              
43   26   6    0    0.0              

0.624695 0.468521 0.312348 1.093216 0.468521 0.624695 0.000000 

38   23   10   4    2.057983021710106
39   24   9    0    0.0              
40   24   8    0    0.0              
41   24   7    1    1.0932163332202425
42   25   7    0    0.0              
43   26   6    0    0.0              
44   27   6    0    0.0              

0.156174 0.937043 1.717911 1.093216 1.249390 0.624695 0.000000 

39   24   9    0    0.0              
40   24   8    0    0.0              
41   24   7    2    1.7179113807746667
42   25   7    0    0.0              
43   26   6    0    0.0              
44   27   6    0    0.0              
45   28   6    0    0.0              

0.857493 1.714986 1.200490 1.543487 1.028992 0.514496 0.000000 

40   24   8    0    0.0              
41   24   7    3    1.7179113807746667
42   25   7    0    0.0              
43   26   6    0    0.0              
44   27   6    0    0.0              
45   28   6    0    0.0              
46   29   6    0    0.0              

0.986394 0.821995 1.643990 1.479591 1.315192 1.150793 0.000000 

41   24   7    3    1.7179113807746667
42   25   7    0    0.0              
43   26   6    1    1.643989873053573
44   27   6    0    0.0              
45   28   6    0    0.0              
46   29   6    0    0.0              
47   30   7    0    0.0              

0.141421 1.272792 1.414214 1.555635 1.697056 0.848528 0.000000 

42   25   7    0    0.0              
43   26   6    1    1.643989873053573
44   27   6    0    0.0              
45   28   6    0    0.0              
46   29   6    1    1.697056274847714
47   30   7    0    0.0              
48   31   8    0    0.0              

1.236245 1.510966 1.785687 2.060408 1.373606 0.686803 0.000000 

43   26   6    1    1.643989873053573
44   27   6    0    0.0              
45   28   6    0    0.0              
46   29   6    2    2.0604084592303353
47   30   7    0    0.0              
48   31   8    0    0.0              
49   32   9    0    0.0              

0.496139 0.992278 1.488417 1.116313 0.744208 0.372104 0.000000 

44   27   6    0    0.0              
45   28   6    0    0.0              
46   29   6    3    2.0604084592303353
47   30   7    0    0.0              
48   31   8    0    0.0              
49   32   9    0    0.0              
50   33   10   0    0.0              

0.640184 1.280369 1.152332 1.024295 0.896258 0.768221 0.000000 

45   28   6    0    0.0              
46   29   6    4    2.0604084592303353
47   30   7    0    0.0              
48   31   8    0    0.0              
49   32   9    0    0.0              
50   33   10   0    0.0              
51   33   11   0    0.0              

0.707107 0.707107 0.707107 0.707107 0.707107 0.000000 0.000000 

46   29   6    5    2.0604084592303353
47   30   7    0    0.0              
48   31   8    0    0.0              
49   32   9    0    0.0              
50   33   10   0    0.0              
51   33   11   0    0.0              
52   34   12   0    0.0              

0.232495 0.464991 0.697486 0.929981 0.348743 0.581238 0.000000 

47   30   7    0    0.0              
48   31   8    0    0.0              
49   32   9    0    0.0              
50   33   10   1    0.9299811099505543
51   33   11   0    0.0              
52   34   12   0    0.0              
53   34   13   0    0.0              

0.372104 0.744208 1.116313 0.620174 0.992278 0.496139 0.000000 

48   31   8    0    0.0              
49   32   9    0    0.0              
50   33   10   2    1.116312611302876
51   33   11   0    0.0              
52   34   12   0    0.0              
53   34   13   0    0.0              
54   34   14   0    0.0              

0.525226 1.050451 0.656532 1.181758 0.787839 0.393919 0.000000 

49   32   9    0    0.0              
50   33   10   2    1.116312611302876
51   33   11   0    0.0              
52   34   12   1    1.181757895737503
53   34   13   0    0.0              
54   34   14   0    0.0              
55   34   15   0    0.0              

0.686803 0.412082 1.098885 0.824163 0.549442 0.274721 0.000000 

50   33   10   2    1.116312611302876
51   33   11   0    0.0              
52   34   12   2    1.181757895737503
53   34   13   0    0.0              
54   34   14   0    0.0              
55   34   15   0    0.0              
56   34   16   0    0.0              

0.141421 0.707107 0.565685 0.424264 0.282843 0.141421 0.000000 

51   33   11   0    0.0              
52   34   12   3    1.181757895737503
53   34   13   0    0.0              
54   34   14   0    0.0              
55   34   15   0    0.0              
56   34   16   0    0.0              
57   34   17   0    0.0              

1.000000 1.000000 1.000000 1.000000 1.000000 1.000000 0.000000 

52   34   12   4    1.181757895737503
53   34   13   0    0.0              
54   34   14   0    0.0              
55   34   15   0    0.0              
56   34   16   0    0.0              
57   34   17   0    0.0              
58   33   18   0    0.0              

0.274721 0.549442 0.824163 1.098885 1.373606 0.686803 0.000000 

53   34   13   0    0.0              
54   34   14   0    0.0              
55   34   15   0    0.0              
56   34   16   0    0.0              
57   34   17   1    1.3736056394868903
58   33   18   0    0.0              
59   32   19   0    0.0              

0.393919 0.787839 1.181758 1.575677 1.050451 0.525226 0.000000 

54   34   14   0    0.0              
55   34   15   0    0.0              
56   34   16   0    0.0              
57   34   17   2    1.5756771943166705
58   33   18   0    0.0              
59   32   19   0    0.0              
60   31   20   0    0.0              

0.496139 0.992278 1.488417 1.116313 0.744208 0.372104 0.000000 

55   34   15   0    0.0              
56   34   16   0    0.0              
57   34   17   3    1.5756771943166705
58   33   18   0    0.0              
59   32   19   0    0.0              
60   31   20   0    0.0              
61   30   21   0    0.0              

0.581238 1.162476 0.929981 0.697486 0.464991 0.232495 0.000000 

56   34   16   0    0.0              
57   34   17   4    1.5756771943166705
58   33   18   0    0.0              
59   32   19   0    0.0              
60   31   20   0    0.0              
61   30   21   0    0.0              
62   29   22   0    0.0              

0.707107 0.707107 0.707107 0.707107 0.707107 0.707107 0.000000 

57   34   17   5    1.5756771943166705
58   33   18   0    0.0              
59   32   19   0    0.0              
60   31   20   0    0.0              
61   30   21   0    0.0              
62   29   22   0    0.0              
63   28   22   0    0.0              

0.232495 0.464991 0.697486 0.929981 1.162476 0.581238 0.000000 

58   33   18   0    0.0              
59   32   19   0    0.0              
60   31   20   0    0.0              
61   30   21   0    0.0              
62   29   22   1    1.162476387438193
63   28   22   0    0.0              
64   27   22   0    0.0              

0.372104 0.744208 1.116313 1.488417 0.992278 0.496139 0.000000 

59   32   19   0    0.0              
60   31   20   0    0.0              
61   30   21   0    0.0              
62   29   22   2    1.4884168150705015
63   28   22   0    0.0              
64   27   22   0    0.0              
65   26   22   0    0.0              

0.686803 1.373606 2.060408 1.785687 1.510966 1.236245 0.000000 

60   31   20   0    0.0              
61   30   21   0    0.0              
62   29   22   3    2.0604084592303353
63   28   22   0    0.0              
64   27   22   0    0.0              
65   26   22   0    0.0              
66   25   21   0    0.0              

0.848528 1.697056 1.555635 1.414214 1.272792 0.141421 0.000000 

61   30   21   0    0.0              
62   29   22   4    2.0604084592303353
63   28   22   0    0.0              
64   27   22   0    0.0              
65   26   22   0    0.0              
66   25   21   0    0.0              
67   24   21   0    0.0              

1.131371 1.272792 1.414214 1.555635 0.707107 0.848528 0.000000 

62   29   22   4    2.0604084592303353
63   28   22   0    0.0              
64   27   22   0    0.0              
65   26   22   1    1.5556349186104046
66   25   21   0    0.0              
67   24   21   0    0.0              
68   23   20   0    0.0              

0.393919 0.787839 1.181758 0.656532 1.050451 0.525226 0.000000 

63   28   22   0    0.0              
64   27   22   0    0.0              
65   26   22   2    1.5556349186104046
66   25   21   0    0.0              
67   24   21   0    0.0              
68   23   20   0    0.0              
69   22   19   0    0.0              

0.496139 0.992278 0.620174 1.116313 0.744208 0.372104 0.000000 

64   27   22   0    0.0              
65   26   22   2    1.5556349186104046
66   25   21   0    0.0              
67   24   21   1    1.116312611302876
68   23   20   0    0.0              
69   22   19   0    0.0              
70   21   18   0    0.0              

0.581238 0.348743 0.929981 0.697486 0.464991 0.232495 0.000000 

65   26   22   2    1.5556349186104046
66   25   21   0    0.0              
67   24   21   2    1.116312611302876
68   23   20   0    0.0              
69   22   19   0    0.0              
70   21   18   0    0.0              
71   20   17   0    0.0              

0.000000 0.707107 0.707107 0.707107 0.707107 0.707107 0.000000 

66   25   21   0    0.0              
67   24   21   3    1.116312611302876
68   23   20   0    0.0              
69   22   19   0    0.0              
70   21   18   0    0.0              
71   20   17   0    0.0              
72   20   16   0    0.0              

0.707107 0.707107 0.707107 0.707107 0.707107 0.000000 0.000000 

67   24   21   4    1.116312611302876
68   23   20   0    0.0              
69   22   19   0    0.0              
70   21   18   0    0.0              
71   20   17   0    0.0              
72   20   16   0    0.0              
73   19   15   0    0.0              

0.108465 0.216930 0.325396 0.433861 0.216930 0.108465 0.000000 

68   23   20   0    0.0              
69   22   19   0    0.0              
70   21   18   0    0.0              
71   20   17   1    0.4338609156373123
72   20   16   0    0.0              
73   19   15   0    0.0              
74   18   14   0    0.0              

0.128037 0.256074 0.384111 1.152332 1.280369 1.408406 0.000000 

69   22   19   0    0.0              
70   21   18   0    0.0              
71   20   17   1    0.4338609156373123
72   20   16   0    0.0              
73   19   15   0    0.0              
74   18   14   1    1.4084056792618558
75   17   15   0    0.0              

0.447214 0.894427 1.788854 2.236068 2.683282 1.341641 0.000000 

70   21   18   0    0.0              
71   20   17   1    0.4338609156373123
72   20   16   0    0.0              
73   19   15   0    0.0              
74   18   14   2    2.6832815729997477
75   17   15   0    0.0              
76   16   16   0    0.0              

0.784465 1.765045 2.549510 3.333974 2.157277 0.980581 0.000000 

71   20   17   1    0.4338609156373123
72   20   16   0    0.0              
73   19   15   0    0.0              
74   18   14   3    3.333974297349129
75   17   15   0    0.0              
76   16   16   0    0.0              
77   16   17   0    0.0              

0.970143 2.182821 3.395499 2.667892 1.940285 0.970143 0.000000 

72   20   16   0    0.0              
73   19   15   0    0.0              
74   18   14   4    3.395498750508662
75   17   15   0    0.0              
76   16   16   0    0.0              
77   16   17   0    0.0              
78   16   18   0    0.0              

1.371989 2.743977 2.400980 2.057983 1.200490 0.342997 0.000000 

73   19   15   0    0.0              
74   18   14   5    3.395498750508662
75   17   15   0    0.0              
76   16   16   0    0.0              
77   16   17   0    0.0              
78   16   18   0    0.0              
79   15   19   0    0.0              

1.414214 1.414214 1.414214 0.707107 0.000000 0.000000 0.000000 

74   18   14   6    3.395498750508662
75   17   15   0    0.0              
76   16   16   0    0.0              
77   16   17   0    0.0              
78   16   18   0    0.0              
79   15   19   0    0.0              
80   14   20   0    0.0              

0.232495 0.464991 0.116248 0.697486 0.464991 0.232495 0.000000 

75   17   15   0    0.0              
76   16   16   0    0.0              
77   16   17   0    0.0              
78   16   18   1    0.6974858324629157
79   15   19   0    0.0              
80   14   20   0    0.0              
81   13   21   0    0.0              

0.232495 0.348743 0.929981 0.697486 0.464991 0.232495 0.000000 

76   16   16   0    0.0              
77   16   17   0    0.0              
78   16   18   2    0.9299811099505543
79   15   19   0    0.0              
80   14   20   0    0.0              
81   13   21   0    0.0              
82   12   22   0    0.0              

0.581238 1.162476 0.929981 0.697486 0.464991 0.232495 0.000000 

77   16   17   0    0.0              
78   16   18   3    1.162476387438193
79   15   19   0    0.0              
80   14   20   0    0.0              
81   13   21   0    0.0              
82   12   22   0    0.0              
83   11   23   0    0.0              

0.650791 0.542326 0.433861 0.325396 0.216930 0.108465 0.000000 

78   16   18   4    1.162476387438193
79   15   19   0    0.0              
80   14   20   0    0.0              
81   13   21   0    0.0              
82   12   22   0    0.0              
83   11   23   0    0.0              
84   10   24   0    0.0              

0.232495 0.464991 0.697486 0.929981 1.162476 1.394972 0.000000 

79   15   19   0    0.0              
80   14   20   0    0.0              
81   13   21   0    0.0              
82   12   22   0    0.0              
83   11   23   0    0.0              
84   10   24   1    1.3949716649258315
85   9    23   0    0.0              

0.525226 1.050451 1.575677 2.100903 2.626129 1.313064 0.000000 

80   14   20   0    0.0              
81   13   21   0    0.0              
82   12   22   0    0.0              
83   11   23   0    0.0              
84   10   24   2    2.626128657194451
85   9    23   0    0.0              
86   8    22   0    0.0              

0.848528 1.697056 2.545584 3.394113 2.262742 1.131371 0.000000 

81   13   21   0    0.0              
82   12   22   0    0.0              
83   11   23   0    0.0              
84   10   24   3    3.394112549695428
85   9    23   0    0.0              
86   8    22   0    0.0              
87   7    21   0    0.0              

1.131371 2.262742 3.394113 2.545584 1.697056 0.848528 0.000000 

82   12   22   0    0.0              
83   11   23   0    0.0              
84   10   24   4    3.394112549695428
85   9    23   0    0.0              
86   8    22   0    0.0              
87   7    21   0    0.0              
88   6    20   0    0.0              

1.313064 2.626129 2.100903 1.575677 1.050451 0.525226 0.000000 

83   11   23   0    0.0              
84   10   24   5    3.394112549695428
85   9    23   0    0.0              
86   8    22   0    0.0              
87   7    21   0    0.0              
88   6    20   0    0.0              
89   5    19   0    0.0              

1.394972 1.162476 0.929981 0.697486 0.464991 0.232495 0.000000 

84   10   24   6    3.394112549695428
85   9    23   0    0.0              
86   8    22   0    0.0              
87   7    21   0    0.0              
88   6    20   0    0.0              
89   5    19   0    0.0              
90   4    18   0    0.0              

0.000000 0.000000 0.000000 0.000000 0.000000 0.000000 0.000000 

85   9    23   0    0.0              
86   8    22   0    0.0              
87   7    21   0    0.0              
88   6    20   0    0.0              
89   5    19   0    0.0              
90   4    18   0    0.0              
91   3    17   0    0.0              

0.000000 0.000000 0.000000 0.000000 0.000000 0.000000 0.000000 

86   8    22   0    0.0              
87   7    21   0    0.0              
88   6    20   0    0.0              
89   5    19   0    0.0              
90   4    18   0    0.0              
91   3    17   0    0.0              
92   2    16   0    0.0              

0.000000 0.000000 0.000000 0.000000 0.000000 0.000000 0.000000 

87   7    21   0    0.0              
88   6    20   0    0.0              
89   5    19   0    0.0              
90   4    18   0    0.0              
91   3    17   0    0.0              
92   2    16   0    0.0              
0    1    15   0    0.0              

0.232495 0.464991 0.697486 0.929981 1.162476 1.394972 0.000000 

88   6    20   0    0.0              
89   5    19   0    0.0              
90   4    18   0    0.0              
91   3    17   0    0.0              
92   2    16   0    0.0              
0    1    15   1    1.3949716649258315
1    2    14   0    0.0              

0.525226 1.050451 1.575677 2.100903 2.626129 1.313064 0.000000 

89   5    19   0    0.0              
90   4    18   0    0.0              
91   3    17   0    0.0              
92   2    16   0    0.0              
0    1    15   2    2.626128657194451
1    2    14   0    0.0              
2    3    13   0    0.0              



Index  X   Y   maxCount  maxDistance      
0      1   15  2         2.626128657194451
1      2   14  0         0.0              
2      3   13  0         0.0              
3      4   12  3         1.5756771943166705
4      4   11  0         0.0              
5      4   10  0         0.0              
6      4   9   0         0.0              
7      4   8   0         0.0              
8      4   7   0         0.0              
9      4   6   5         3.328201177351375
10     5   7   0         0.0              
11     6   7   0         0.0              
12     7   8   0         0.0              
13     8   9   4         2.599734734478726
14     9   8   0         0.0              
15     10  8   1         2.1213203435596424
16     11  7   2         1.7888543819998317
17     11  6   0         0.0              
18     11  5   0         0.0              
19     11  4   0         0.0              
20     11  3   5         2.4              
21     12  3   0         0.0              
22     13  3   0         0.0              
23     14  3   0         0.0              
24     15  3   0         0.0              
25     16  3   0         0.0              
26     17  3   6         2.4              
27     17  4   0         0.0              
28     17  5   0         0.0              
29     17  6   0         0.0              
30     17  7   0         0.0              
31     17  8   0         0.0              
32     17  9   4         2.1213203435596424
33     18  10  3         2.057983021710106
34     19  10  0         0.0              
35     20  10  0         0.0              
36     21  10  0         0.0              
37     22  10  0         0.0              
38     23  10  4         2.057983021710106
39     24  9   0         0.0              
40     24  8   0         0.0              
41     24  7   3         1.7179113807746667
42     25  7   0         0.0              
43     26  6   1         1.643989873053573
44     27  6   0         0.0              
45     28  6   0         0.0              
46     29  6   5         2.0604084592303353
47     30  7   0         0.0              
48     31  8   0         0.0              
49     32  9   0         0.0              
50     33  10  2         1.116312611302876
51     33  11  0         0.0              
52     34  12  4         1.181757895737503
53     34  13  0         0.0              
54     34  14  0         0.0              
55     34  15  0         0.0              
56     34  16  0         0.0              
57     34  17  5         1.5756771943166705
58     33  18  0         0.0              
59     32  19  0         0.0              
60     31  20  0         0.0              
61     30  21  0         0.0              
62     29  22  4         2.0604084592303353
63     28  22  0         0.0              
64     27  22  0         0.0              
65     26  22  2         1.5556349186104046
66     25  21  0         0.0              
67     24  21  4         1.116312611302876
68     23  20  0         0.0              
69     22  19  0         0.0              
70     21  18  0         0.0              
71     20  17  1         0.4338609156373123
72     20  16  0         0.0              
73     19  15  0         0.0              
74     18  14  6         3.395498750508662
75     17  15  0         0.0              
76     16  16  0         0.0              
77     16  17  0         0.0              
78     16  18  4         1.162476387438193
79     15  19  0         0.0              
80     14  20  0         0.0              
81     13  21  0         0.0              
82     12  22  0         0.0              
83     11  23  0         0.0              
84     10  24  6         3.394112549695428
85     9   23  0         0.0              
86     8   22  0         0.0              
87     7   21  0         0.0              
88     6   20  0         0.0              
89     5   19  0         0.0              
90     4   18  0         0.0              
91     3   17  0         0.0              
92     2   16  0         0.0              
