0.342997 0.685994 1.028992 0.514496 0.000000 

1    2    14   0    0.0              
2    3    13   0    0.0              
3    4    12   1    1.028991510855053
4    4    11   0    0.0              
5    4    10   0    0.0              

0.557086 1.114172 0.742781 0.371391 0.000000 

2    3    13   0    0.0              
3    4    12   2    1.1141720290623112
4    4    11   0    0.0              
5    4    10   0    0.0              
6    4    9    0    0.0              

0.784465 0.588348 0.392232 0.196116 0.000000 

3    4    12   3    1.1141720290623112
4    4    11   0    0.0              
5    4    10   0    0.0              
6    4    9    0    0.0              
7    4    8    0    0.0              

0.000000 0.000000 0.000000 0.000000 0.000000 

4    4    11   0    0.0              
5    4    10   0    0.0              
6    4    9    0    0.0              
7    4    8    0    0.0              
8    4    7    0    0.0              

0.000000 0.000000 0.000000 0.000000 0.000000 

5    4    10   0    0.0              
6    4    9    0    0.0              
7    4    8    0    0.0              
8    4    7    0    0.0              
9    4    6    0    0.0              

0.316228 0.632456 0.948683 1.264911 0.000000 

6    4    9    0    0.0              
7    4    8    0    0.0              
8    4    7    0    0.0              
9    4    6    1    1.2649110640673518
10   5    7    0    0.0              

0.707107 1.414214 2.121320 0.707107 0.000000 

7    4    8    0    0.0              
8    4    7    0    0.0              
9    4    6    2    2.1213203435596424
10   5    7    0    0.0              
11   6    7    0    0.0              

1.000000 2.000000 1.000000 1.000000 0.000000 

8    4    7    0    0.0              
9    4    6    3    2.1213203435596424
10   5    7    0    0.0              
11   6    7    0    0.0              
12   7    8    0    0.0              

0.894427 0.447214 0.894427 0.447214 0.000000 

9    4    6    4    2.1213203435596424
10   5    7    0    0.0              
11   6    7    0    0.0              
12   7    8    0    0.0              
13   8    9    0    0.0              

0.557086 0.185695 0.742781 1.299867 0.000000 

10   5    7    0    0.0              
11   6    7    0    0.0              
12   7    8    0    0.0              
13   8    9    1    1.299867367239363
14   9    8    0    0.0              

0.196116 0.588348 1.372813 0.196116 0.000000 

11   6    7    0    0.0              
12   7    8    0    0.0              
13   8    9    2    1.3728129459672884
14   9    8    0    0.0              
15   10   8    0    0.0              

1.000000 2.000000 1.000000 1.000000 0.000000 

12   7    8    0    0.0              
13   8    9    3    2.0              
14   9    8    0    0.0              
15   10   8    0    0.0              
16   11   7    0    0.0              

1.341641 0.894427 1.341641 0.894427 0.000000 

13   8    9    4    2.0              
14   9    8    0    0.0              
15   10   8    0    0.0              
16   11   7    0    0.0              
17   11   6    0    0.0              

0.200000 1.000000 1.200000 0.600000 0.000000 

14   9    8    0    0.0              
15   10   8    0    0.0              
16   11   7    1    1.2              
17   11   6    0    0.0              
18   11   5    0    0.0              

0.894427 1.341641 0.894427 0.447214 0.000000 

15   10   8    0    0.0              
16   11   7    2    1.3416407864998738
17   11   6    0    0.0              
18   11   5    0    0.0              
19   11   4    0    0.0              

0.784465 0.588348 0.392232 0.196116 0.000000 

16   11   7    3    1.3416407864998738
17   11   6    0    0.0              
18   11   5    0    0.0              
19   11   4    0    0.0              
20   11   3    0    0.0              

0.242536 0.485071 0.727607 0.970143 0.000000 

17   11   6    0    0.0              
18   11   5    0    0.0              
19   11   4    0    0.0              
20   11   3    1    0.9701425001453319
21   12   3    0    0.0              

0.554700 1.109400 1.664101 0.832050 0.000000 

18   11   5    0    0.0              
19   11   4    0    0.0              
20   11   3    2    1.6641005886756874
21   12   3    0    0.0              
22   13   3    0    0.0              

0.832050 1.664101 1.109400 0.554700 0.000000 

19   11   4    0    0.0              
20   11   3    3    1.6641005886756874
21   12   3    0    0.0              
22   13   3    0    0.0              
23   14   3    0    0.0              

0.970143 0.727607 0.485071 0.242536 0.000000 

20   11   3    4    1.6641005886756874
21   12   3    0    0.0              
22   13   3    0    0.0              
23   14   3    0    0.0              
24   15   3    0    0.0              

0.000000 0.000000 0.000000 0.000000 0.000000 

21   12   3    0    0.0              
22   13   3    0    0.0              
23   14   3    0    0.0              
24   15   3    0    0.0              
25   16   3    0    0.0              

0.000000 0.000000 0.000000 0.000000 0.000000 

22   13   3    0    0.0              
23   14   3    0    0.0              
24   15   3    0    0.0              
25   16   3    0    0.0              
26   17   3    0    0.0              

0.242536 0.485071 0.727607 0.970143 0.000000 

23   14   3    0    0.0              
24   15   3    0    0.0              
25   16   3    0    0.0              
26   17   3    1    0.9701425001453319
27   17   4    0    0.0              

0.554700 1.109400 1.664101 0.832050 0.000000 

24   15   3    0    0.0              
25   16   3    0    0.0              
26   17   3    2    1.6641005886756874
27   17   4    0    0.0              
28   17   5    0    0.0              

0.832050 1.664101 1.109400 0.554700 0.000000 

25   16   3    0    0.0              
26   17   3    3    1.6641005886756874
27   17   4    0    0.0              
28   17   5    0    0.0              
29   17   6    0    0.0              

0.970143 0.727607 0.485071 0.242536 0.000000 

26   17   3    4    1.6641005886756874
27   17   4    0    0.0              
28   17   5    0    0.0              
29   17   6    0    0.0              
30   17   7    0    0.0              

0.000000 0.000000 0.000000 0.000000 0.000000 

27   17   4    0    0.0              
28   17   5    0    0.0              
29   17   6    0    0.0              
30   17   7    0    0.0              
31   17   8    0    0.0              

0.000000 0.000000 0.000000 0.000000 0.000000 

28   17   5    0    0.0              
29   17   6    0    0.0              
30   17   7    0    0.0              
31   17   8    0    0.0              
32   17   9    0    0.0              

0.196116 0.392232 0.588348 0.784465 0.000000 

29   17   6    0    0.0              
30   17   7    0    0.0              
31   17   8    0    0.0              
32   17   9    1    0.7844645405527362
33   18   10   0    0.0              

0.447214 0.894427 1.341641 0.894427 0.000000 

30   17   7    0    0.0              
31   17   8    0    0.0              
32   17   9    2    1.3416407864998738
33   18   10   0    0.0              
34   19   10   0    0.0              

0.707107 1.414214 1.414214 0.707107 0.000000 

31   17   8    0    0.0              
32   17   9    3    1.4142135623730951
33   18   10   0    0.0              
34   19   10   0    0.0              
35   20   10   0    0.0              

0.894427 1.341641 0.894427 0.447214 0.000000 

32   17   9    3    1.4142135623730951
33   18   10   1    1.3416407864998738
34   19   10   0    0.0              
35   20   10   0    0.0              
36   21   10   0    0.0              

0.784465 0.588348 0.392232 0.196116 0.000000 

33   18   10   2    1.3416407864998738
34   19   10   0    0.0              
35   20   10   0    0.0              
36   21   10   0    0.0              
37   22   10   0    0.0              

0.000000 0.000000 0.000000 0.000000 0.000000 

34   19   10   0    0.0              
35   20   10   0    0.0              
36   21   10   0    0.0              
37   22   10   0    0.0              
38   23   10   0    0.0              

0.196116 0.392232 0.588348 0.784465 0.000000 

35   20   10   0    0.0              
36   21   10   0    0.0              
37   22   10   0    0.0              
38   23   10   1    0.7844645405527362
39   24   9    0    0.0              

0.447214 0.894427 1.341641 0.894427 0.000000 

36   21   10   0    0.0              
37   22   10   0    0.0              
38   23   10   2    1.3416407864998738
39   24   9    0    0.0              
40   24   8    0    0.0              

0.707107 1.414214 1.414214 0.707107 0.000000 

37   22   10   0    0.0              
38   23   10   3    1.4142135623730951
39   24   9    0    0.0              
40   24   8    0    0.0              
41   24   7    0    0.0              

0.707107 0.707107 0.000000 0.707107 0.000000 

38   23   10   4    1.4142135623730951
39   24   9    0    0.0              
40   24   8    0    0.0              
41   24   7    0    0.0              
42   25   7    0    0.0              

0.200000 0.400000 1.000000 0.200000 0.000000 

39   24   9    0    0.0              
40   24   8    0    0.0              
41   24   7    1    1.0              
42   25   7    0    0.0              
43   26   6    0    0.0              

0.707107 1.414214 0.707107 0.707107 0.000000 

40   24   8    0    0.0              
41   24   7    2    1.4142135623730951
42   25   7    0    0.0              
43   26   6    0    0.0              
44   27   6    0    0.0              

0.894427 0.447214 0.894427 0.447214 0.000000 

41   24   7    3    1.4142135623730951
42   25   7    0    0.0              
43   26   6    0    0.0              
44   27   6    0    0.0              
45   28   6    0    0.0              

0.196116 0.588348 0.392232 0.196116 0.000000 

42   25   7    0    0.0              
43   26   6    1    0.5883484054145521
44   27   6    0    0.0              
45   28   6    0    0.0              
46   29   6    0    0.0              

1.000000 1.000000 1.000000 1.000000 0.000000 

43   26   6    2    1.0              
44   27   6    0    0.0              
45   28   6    0    0.0              
46   29   6    0    0.0              
47   30   7    0    0.0              

0.371391 0.742781 1.114172 0.557086 0.000000 

44   27   6    0    0.0              
45   28   6    0    0.0              
46   29   6    1    1.1141720290623112
47   30   7    0    0.0              
48   31   8    0    0.0              

0.514496 1.028992 0.685994 0.342997 0.000000 

45   28   6    0    0.0              
46   29   6    2    1.1141720290623112
47   30   7    0    0.0              
48   31   8    0    0.0              
49   32   9    0    0.0              

0.624695 0.468521 0.312348 0.156174 0.000000 

46   29   6    3    1.1141720290623112
47   30   7    0    0.0              
48   31   8    0    0.0              
49   32   9    0    0.0              
50   33   10   0    0.0              

0.156174 0.312348 0.468521 0.624695 0.000000 

47   30   7    0    0.0              
48   31   8    0    0.0              
49   32   9    0    0.0              
50   33   10   1    0.6246950475544243
51   33   11   0    0.0              

0.156174 0.312348 0.468521 0.156174 0.000000 

48   31   8    0    0.0              
49   32   9    0    0.0              
50   33   10   2    0.6246950475544243
51   33   11   0    0.0              
52   34   12   0    0.0              

0.342997 0.685994 0.171499 0.514496 0.000000 

49   32   9    0    0.0              
50   33   10   3    0.6859943405700353
51   33   11   0    0.0              
52   34   12   0    0.0              
53   34   13   0    0.0              

0.557086 0.185695 0.742781 0.371391 0.000000 

50   33   10   3    0.6859943405700353
51   33   11   0    0.0              
52   34   12   1    0.7427813527082074
53   34   13   0    0.0              
54   34   14   0    0.0              

0.196116 0.588348 0.392232 0.196116 0.000000 

51   33   11   0    0.0              
52   34   12   2    0.7427813527082074
53   34   13   0    0.0              
54   34   14   0    0.0              
55   34   15   0    0.0              

0.784465 0.588348 0.392232 0.196116 0.000000 

52   34   12   3    0.7844645405527362
53   34   13   0    0.0              
54   34   14   0    0.0              
55   34   15   0    0.0              
56   34   16   0    0.0              

0.000000 0.000000 0.000000 0.000000 0.000000 

53   34   13   0    0.0              
54   34   14   0    0.0              
55   34   15   0    0.0              
56   34   16   0    0.0              
57   34   17   0    0.0              

0.196116 0.392232 0.588348 0.784465 0.000000 

54   34   14   0    0.0              
55   34   15   0    0.0              
56   34   16   0    0.0              
57   34   17   1    0.7844645405527362
58   33   18   0    0.0              

0.371391 0.742781 1.114172 0.557086 0.000000 

55   34   15   0    0.0              
56   34   16   0    0.0              
57   34   17   2    1.1141720290623112
58   33   18   0    0.0              
59   32   19   0    0.0              

0.514496 1.028992 0.685994 0.342997 0.000000 

56   34   16   0    0.0              
57   34   17   3    1.1141720290623112
58   33   18   0    0.0              
59   32   19   0    0.0              
60   31   20   0    0.0              

0.624695 0.468521 0.312348 0.156174 0.000000 

57   34   17   4    1.1141720290623112
58   33   18   0    0.0              
59   32   19   0    0.0              
60   31   20   0    0.0              
61   30   21   0    0.0              

0.000000 0.000000 0.000000 0.000000 0.000000 

58   33   18   0    0.0              
59   32   19   0    0.0              
60   31   20   0    0.0              
61   30   21   0    0.0              
62   29   22   0    0.0              

0.156174 0.312348 0.468521 0.624695 0.000000 

59   32   19   0    0.0              
60   31   20   0    0.0              
61   30   21   0    0.0              
62   29   22   1    0.6246950475544243
63   28   22   0    0.0              

0.342997 0.685994 1.028992 0.514496 0.000000 

60   31   20   0    0.0              
61   30   21   0    0.0              
62   29   22   2    1.028991510855053
63   28   22   0    0.0              
64   27   22   0    0.0              

0.557086 1.114172 0.742781 0.371391 0.000000 

61   30   21   0    0.0              
62   29   22   3    1.1141720290623112
63   28   22   0    0.0              
64   27   22   0    0.0              
65   26   22   0    0.0              

1.000000 1.000000 1.000000 1.000000 0.000000 

62   29   22   4    1.1141720290623112
63   28   22   0    0.0              
64   27   22   0    0.0              
65   26   22   0    0.0              
66   25   21   0    0.0              

0.196116 0.392232 0.588348 0.196116 0.000000 

63   28   22   0    0.0              
64   27   22   0    0.0              
65   26   22   1    0.5883484054145521
66   25   21   0    0.0              
67   24   21   0    0.0              

0.371391 0.742781 0.185695 0.557086 0.000000 

64   27   22   0    0.0              
65   26   22   2    0.7427813527082074
66   25   21   0    0.0              
67   24   21   0    0.0              
68   23   20   0    0.0              

0.514496 0.171499 0.685994 0.342997 0.000000 

65   26   22   2    0.7427813527082074
66   25   21   0    0.0              
67   24   21   1    0.6859943405700353
68   23   20   0    0.0              
69   22   19   0    0.0              

0.156174 0.468521 0.312348 0.156174 0.000000 

66   25   21   0    0.0              
67   24   21   2    0.6859943405700353
68   23   20   0    0.0              
69   22   19   0    0.0              
70   21   18   0    0.0              

0.624695 0.468521 0.312348 0.156174 0.000000 

67   24   21   3    0.6859943405700353
68   23   20   0    0.0              
69   22   19   0    0.0              
70   21   18   0    0.0              
71   20   17   0    0.0              

0.156174 0.312348 0.468521 0.624695 0.000000 

68   23   20   0    0.0              
69   22   19   0    0.0              
70   21   18   0    0.0              
71   20   17   1    0.6246950475544243
72   20   16   0    0.0              

0.156174 0.312348 0.468521 0.156174 0.000000 

69   22   19   0    0.0              
70   21   18   0    0.0              
71   20   17   2    0.6246950475544243
72   20   16   0    0.0              
73   19   15   0    0.0              

0.156174 0.312348 0.312348 0.156174 0.000000 

70   21   18   0    0.0              
71   20   17   3    0.6246950475544243
72   20   16   0    0.0              
73   19   15   0    0.0              
74   18   14   0    0.0              

0.200000 1.000000 1.200000 1.400000 0.000000 

71   20   17   3    0.6246950475544243
72   20   16   0    0.0              
73   19   15   0    0.0              
74   18   14   1    1.4              
75   17   15   0    0.0              

0.970143 1.697749 2.425356 1.212678 0.000000 

72   20   16   0    0.0              
73   19   15   0    0.0              
74   18   14   2    2.42535625036333 
75   17   15   0    0.0              
76   16   16   0    0.0              

1.212678 2.425356 1.697749 0.970143 0.000000 

73   19   15   0    0.0              
74   18   14   3    2.42535625036333 
75   17   15   0    0.0              
76   16   16   0    0.0              
77   16   17   0    0.0              

1.414214 1.414214 1.414214 0.707107 0.000000 

74   18   14   4    2.42535625036333 
75   17   15   0    0.0              
76   16   16   0    0.0              
77   16   17   0    0.0              
78   16   18   0    0.0              

0.342997 0.685994 0.171499 0.342997 0.000000 

75   17   15   0    0.0              
76   16   16   1    0.6859943405700353
77   16   17   0    0.0              
78   16   18   0    0.0              
79   15   19   0    0.0              

0.342997 0.171499 0.685994 0.342997 0.000000 

76   16   16   1    0.6859943405700353
77   16   17   0    0.0              
78   16   18   1    0.6859943405700353
79   15   19   0    0.0              
80   14   20   0    0.0              

0.514496 1.028992 0.685994 0.342997 0.000000 

77   16   17   0    0.0              
78   16   18   2    1.028991510855053
79   15   19   0    0.0              
80   14   20   0    0.0              
81   13   21   0    0.0              

0.624695 0.468521 0.312348 0.156174 0.000000 

78   16   18   3    1.028991510855053
79   15   19   0    0.0              
80   14   20   0    0.0              
81   13   21   0    0.0              
82   12   22   0    0.0              

0.000000 0.000000 0.000000 0.000000 0.000000 

79   15   19   0    0.0              
80   14   20   0    0.0              
81   13   21   0    0.0              
82   12   22   0    0.0              
83   11   23   0    0.0              

0.000000 0.000000 0.000000 0.000000 0.000000 

80   14   20   0    0.0              
81   13   21   0    0.0              
82   12   22   0    0.0              
83   11   23   0    0.0              
84   10   24   0    0.0              

0.342997 0.685994 1.028992 1.371989 0.000000 

81   13   21   0    0.0              
82   12   22   0    0.0              
83   11   23   0    0.0              
84   10   24   1    1.3719886811400706
85   9    23   0    0.0              

0.784465 1.568929 2.353394 1.176697 0.000000 

82   12   22   0    0.0              
83   11   23   0    0.0              
84   10   24   2    2.3533936216582085
85   9    23   0    0.0              
86   8    22   0    0.0              

1.176697 2.353394 1.568929 0.784465 0.000000 

83   11   23   0    0.0              
84   10   24   3    2.3533936216582085
85   9    23   0    0.0              
86   8    22   0    0.0              
87   7    21   0    0.0              

1.371989 1.028992 0.685994 0.342997 0.000000 

84   10   24   4    2.3533936216582085
85   9    23   0    0.0              
86   8    22   0    0.0              
87   7    21   0    0.0              
88   6    20   0    0.0              

0.000000 0.000000 0.000000 0.000000 0.000000 

85   9    23   0    0.0              
86   8    22   0    0.0              
87   7    21   0    0.0              
88   6    20   0    0.0              
89   5    19   0    0.0              

0.000000 0.000000 0.000000 0.000000 0.000000 

86   8    22   0    0.0              
87   7    21   0    0.0              
88   6    20   0    0.0              
89   5    19   0    0.0              
90   4    18   0    0.0              

0.000000 0.000000 0.000000 0.000000 0.000000 

87   7    21   0    0.0              
88   6    20   0    0.0              
89   5    19   0    0.0              
90   4    18   0    0.0              
91   3    17   0    0.0              

0.000000 0.000000 0.000000 0.000000 0.000000 

88   6    20   0    0.0              
89   5    19   0    0.0              
90   4    18   0    0.0              
91   3    17   0    0.0              
92   2    16   0    0.0              

0.000000 0.000000 0.000000 0.000000 0.000000 

89   5    19   0    0.0              
90   4    18   0    0.0              
91   3    17   0    0.0              
92   2    16   0    0.0              
0    1    15   0    0.0              

0.342997 0.685994 1.028992 1.371989 0.000000 

90   4    18   0    0.0              
91   3    17   0    0.0              
92   2    16   0    0.0              
0    1    15   1    1.3719886811400706
1    2    14   0    0.0              



Index  X   Y   maxCount  maxDistance      
0      1   15  1         1.3719886811400706
1      2   14  0         0.0              
2      3   13  0         0.0              
3      4   12  3         1.1141720290623112
4      4   11  0         0.0              
5      4   10  0         0.0              
6      4   9   0         0.0              
7      4   8   0         0.0              
8      4   7   0         0.0              
9      4   6   4         2.1213203435596424
10     5   7   0         0.0              
11     6   7   0         0.0              
12     7   8   0         0.0              
13     8   9   4         2.0              
14     9   8   0         0.0              
15     10  8   0         0.0              
16     11  7   3         1.3416407864998738
17     11  6   0         0.0              
18     11  5   0         0.0              
19     11  4   0         0.0              
20     11  3   4         1.6641005886756874
21     12  3   0         0.0              
22     13  3   0         0.0              
23     14  3   0         0.0              
24     15  3   0         0.0              
25     16  3   0         0.0              
26     17  3   4         1.6641005886756874
27     17  4   0         0.0              
28     17  5   0         0.0              
29     17  6   0         0.0              
30     17  7   0         0.0              
31     17  8   0         0.0              
32     17  9   3         1.4142135623730951
33     18  10  2         1.3416407864998738
34     19  10  0         0.0              
35     20  10  0         0.0              
36     21  10  0         0.0              
37     22  10  0         0.0              
38     23  10  4         1.4142135623730951
39     24  9   0         0.0              
40     24  8   0         0.0              
41     24  7   3         1.4142135623730951
42     25  7   0         0.0              
43     26  6   2         1.0              
44     27  6   0         0.0              
45     28  6   0         0.0              
46     29  6   3         1.1141720290623112
47     30  7   0         0.0              
48     31  8   0         0.0              
49     32  9   0         0.0              
50     33  10  3         0.6859943405700353
51     33  11  0         0.0              
52     34  12  3         0.7844645405527362
53     34  13  0         0.0              
54     34  14  0         0.0              
55     34  15  0         0.0              
56     34  16  0         0.0              
57     34  17  4         1.1141720290623112
58     33  18  0         0.0              
59     32  19  0         0.0              
60     31  20  0         0.0              
61     30  21  0         0.0              
62     29  22  4         1.1141720290623112
63     28  22  0         0.0              
64     27  22  0         0.0              
65     26  22  2         0.7427813527082074
66     25  21  0         0.0              
67     24  21  3         0.6859943405700353
68     23  20  0         0.0              
69     22  19  0         0.0              
70     21  18  0         0.0              
71     20  17  3         0.6246950475544243
72     20  16  0         0.0              
73     19  15  0         0.0              
74     18  14  4         2.42535625036333 
75     17  15  0         0.0              
76     16  16  1         0.6859943405700353
77     16  17  0         0.0              
78     16  18  3         1.028991510855053
79     15  19  0         0.0              
80     14  20  0         0.0              
81     13  21  0         0.0              
82     12  22  0         0.0              
83     11  23  0         0.0              
84     10  24  4         2.3533936216582085
85     9   23  0         0.0              
86     8   22  0         0.0              
87     7   21  0         0.0              
88     6   20  0         0.0              
89     5   19  0         0.0              
90     4   18  0         0.0              
91     3   17  0         0.0              
92     2   16  0         0.0              
